21 0.382192 0.845403 0.024802 0.045966
21 0.990575 0.961144 0.018849 0.026786
21 0.566096 0.489749 0.013145 0.018519
21 0.544891 0.828373 0.026786 0.037037
21 0.668899 0.648479 0.026786 0.063492
21 0.654018 0.854001 0.034226 0.041336
21 0.681920 0.936508 0.028026 0.030423
21 0.698909 0.860780 0.028770 0.030423
21 0.722098 0.692626 0.017609 0.024802
21 0.725818 0.598876 0.014633 0.019180
21 0.806424 0.581019 0.016617 0.019180
21 0.844122 0.638228 0.021577 0.029101
21 0.843502 0.755952 0.024802 0.030423
21 0.132068 0.616898 0.009177 0.019511