20 0.707625 0.466692 0.392250 0.385479
20 0.494500 0.859094 0.012500 0.027320
20 0.106625 0.593937 0.030750 0.018713
20 0.217125 0.525823 0.030750 0.040419
20 0.066250 0.227919 0.023000 0.037425
20 0.078250 0.107597 0.014500 0.024326
20 0.686875 0.856100 0.024250 0.021332
20 0.811875 0.866766 0.014250 0.020210
20 0.841625 0.897081 0.018250 0.034431
20 0.815250 0.915793 0.009500 0.020210
20 0.830125 0.950412 0.025750 0.046033
20 0.849875 0.839446 0.017250 0.017216
20 0.191125 0.735217 0.021250 0.047530