21 0.680680 0.985946 0.013641 0.028108
21 0.390253 0.841270 0.021577 0.048942
21 0.560392 0.820767 0.020585 0.038360
21 0.681300 0.636905 0.022817 0.081349
21 0.736111 0.585979 0.012401 0.017857
21 0.669519 0.839451 0.031994 0.045304
21 0.718006 0.849868 0.021825 0.033069
21 0.696429 0.922123 0.023810 0.040013
21 0.734127 0.682374 0.014385 0.020833
21 0.818824 0.566634 0.018601 0.023479
21 0.860119 0.624504 0.024802 0.026124
21 0.860615 0.741567 0.021825 0.034722
21 0.578001 0.480489 0.010169 0.013889
21 0.133681 0.610119 0.012401 0.016534