21 0.501350 0.806279 0.017361 0.022859
21 0.552083 0.801939 0.022377 0.027488
21 0.518808 0.783709 0.010995 0.011863
21 0.467593 0.978877 0.027778 0.042245
21 0.327739 0.966580 0.034722 0.044271
21 0.317130 0.911748 0.021219 0.043403
21 0.353588 0.899740 0.009645 0.008391
21 0.608603 0.363571 0.019290 0.044271
21 0.684703 0.438947 0.106674 0.115741
21 0.645158 0.359809 0.023341 0.030382
21 0.680652 0.304977 0.094329 0.125000
21 0.445602 0.408420 0.020448 0.051794
21 0.439043 0.471644 0.027392 0.053241
21 0.352238 0.571470 0.030478 0.036458
21 0.296393 0.635417 0.040702 0.039352
21 0.447627 0.657552 0.016397 0.022859
21 0.855228 0.870660 0.045718 0.108218
21 0.486786 0.516638 0.023341 0.045428
21 0.519194 0.474826 0.031443 0.065394
21 0.599441 0.416956 0.033372 0.041088
21 0.623360 0.470920 0.042631 0.054688
21 0.516107 0.391782 0.068094 0.082176
21 0.094329 0.932436 0.028549 0.039641