20 0.321000 0.688436 0.023000 0.040045
20 0.651250 0.727171 0.016500 0.023204
20 0.307000 0.796407 0.010500 0.014222
20 0.378625 0.840382 0.032750 0.027320
20 0.429625 0.859656 0.017250 0.014222
20 0.788750 0.878368 0.037500 0.060629
20 0.838375 0.090943 0.019250 0.020210
20 0.024000 0.290419 0.017000 0.034431
20 0.256000 0.349551 0.021000 0.062874
20 0.282000 0.339820 0.013000 0.031437
20 0.291500 0.261228 0.032000 0.038922
20 0.326500 0.189371 0.044000 0.071856
20 0.369000 0.144461 0.041000 0.047904
20 0.325000 0.336826 0.013000 0.037425
20 0.355000 0.427395 0.019000 0.032934
20 0.497500 0.449850 0.022000 0.035928
20 0.544000 0.504491 0.015000 0.028443
20 0.580000 0.451347 0.027000 0.035928
20 0.620500 0.449102 0.022000 0.040419
20 0.743000 0.875000 0.017000 0.023952
20 0.925500 0.364521 0.016000 0.020958
20 0.859000 0.142964 0.019000 0.035928
20 0.988000 0.109281 0.019000 0.025449
20 0.844000 0.044910 0.023000 0.028443
20 0.610500 0.327844 0.044000 0.040419
20 0.543500 0.406437 0.024000 0.032934
20 0.943500 0.412425 0.028000 0.041916