20 0.168125 0.647642 0.039250 0.057260
20 0.335250 0.572605 0.029000 0.038922
20 0.293625 0.739895 0.036750 0.052395
20 0.536875 0.740457 0.064250 0.085704
20 0.530625 0.608907 0.033750 0.044162
20 0.671750 0.465756 0.021500 0.022829
20 0.723500 0.499251 0.019500 0.017216
20 0.785625 0.453780 0.027750 0.017590
20 0.623000 0.319424 0.017000 0.021332
20 0.546750 0.815307 0.043000 0.048278
20 0.755250 0.605539 0.036500 0.029192
20 0.494000 0.698540 0.023000 0.028817
20 0.309250 0.970060 0.058000 0.059880
20 0.894625 0.943301 0.018250 0.046033