21 0.315476 0.772156 0.011905 0.014550
21 0.567212 0.174934 0.010913 0.024471
21 0.986111 0.099372 0.018353 0.020172
21 0.132564 0.285384 0.017113 0.015873
21 0.689484 0.098214 0.009425 0.017857
21 0.382192 0.406746 0.021825 0.029101
21 0.432912 0.528604 0.017609 0.024802
21 0.384797 0.473545 0.016617 0.035714
21 0.422495 0.390212 0.011161 0.012566
21 0.468006 0.634094 0.011409 0.020833
21 0.552207 0.670635 0.014633 0.021825
21 0.708705 0.538360 0.015625 0.019180
21 0.751612 0.559028 0.018601 0.022156
21 0.704613 0.714616 0.011409 0.019180
21 0.605407 0.333829 0.011409 0.023479
21 0.629216 0.395668 0.013393 0.012235
21 0.703621 0.419808 0.015377 0.024802