21 0.257523 0.453993 0.009645 0.035301
21 0.013889 0.811632 0.010802 0.027199
21 0.325617 0.473380 0.019290 0.041667
21 0.508295 0.506076 0.018133 0.030671
21 0.492284 0.421875 0.007716 0.021991
21 0.510031 0.367188 0.013117 0.031829
21 0.591435 0.362269 0.016975 0.054398
21 0.545910 0.532697 0.016204 0.026042
21 0.564815 0.559317 0.010802 0.014468
21 0.610340 0.555266 0.024691 0.026042
21 0.582948 0.490451 0.006173 0.014468
21 0.574846 0.578704 0.007716 0.011574
21 0.666474 0.490451 0.012731 0.043403
21 0.664352 0.539062 0.019290 0.019097
21 0.718364 0.496528 0.013889 0.017361
21 0.783758 0.841435 0.009645 0.021991
21 0.773148 0.879340 0.007716 0.017940