20 0.157875 0.583271 0.019250 0.025823
20 0.353000 0.421594 0.010500 0.022829
20 0.330625 0.470247 0.022250 0.039296
20 0.376625 0.465007 0.019750 0.040045
20 0.410000 0.461452 0.019000 0.037425
20 0.432000 0.507672 0.024000 0.035554
20 0.541875 0.647455 0.017250 0.037425
20 0.424625 0.364147 0.009250 0.011976
20 0.488625 0.508421 0.010750 0.014596
20 0.527750 0.539484 0.017500 0.014596
20 0.228750 0.082335 0.009500 0.014222
20 0.261375 0.079528 0.009750 0.022829
20 0.290750 0.021332 0.010500 0.015719
20 0.721500 0.980913 0.018500 0.038174