21 0.966435 0.707465 0.021605 0.043403
21 0.918210 0.066551 0.040895 0.070602
21 0.705054 0.610532 0.029707 0.041667
21 0.654514 0.462384 0.021991 0.047454
21 0.699460 0.497975 0.024691 0.038773
21 0.735340 0.444444 0.024691 0.062500
21 0.788580 0.389757 0.018519 0.029514
21 0.800154 0.247975 0.017747 0.034144
21 0.851466 0.155961 0.010031 0.019097
21 0.769869 0.203414 0.008873 0.007523
21 0.802469 0.540220 0.024691 0.039931
21 0.689622 0.748843 0.018904 0.032407
21 0.617477 0.787905 0.026620 0.034144
21 0.466628 0.652199 0.023534 0.032407
21 0.513117 0.413484 0.029321 0.032986
21 0.497299 0.306424 0.021605 0.035301
21 0.487461 0.239005 0.019676 0.021991
21 0.435378 0.211806 0.018904 0.020833
21 0.407215 0.192130 0.011960 0.015046
21 0.373071 0.281250 0.020833 0.030093
21 0.234182 0.306424 0.011574 0.017940
21 0.285494 0.393229 0.017747 0.028356
21 0.255980 0.630787 0.015818 0.027778
21 0.207948 0.599537 0.016975 0.027778
21 0.236690 0.515914 0.015046 0.029514
21 0.222801 0.453414 0.015046 0.029514
21 0.184606 0.442419 0.019676 0.022569
21 0.187114 0.480035 0.013117 0.017940
21 0.208333 0.511863 0.017747 0.028356