21 0.225502 0.411458 0.011960 0.027778
21 0.413580 0.352141 0.019290 0.027199
21 0.588542 0.436921 0.009645 0.037037
21 0.642747 0.552083 0.021605 0.019676
21 0.648341 0.351273 0.015046 0.028935
21 0.779900 0.268808 0.015046 0.027199
21 0.674383 0.040799 0.016204 0.026042
21 0.711998 0.371238 0.022762 0.036458
21 0.755401 0.412326 0.008488 0.022569
21 0.799769 0.391204 0.024691 0.041667
21 0.904128 0.201100 0.008102 0.014468
21 0.888889 0.843750 0.030864 0.032407
21 0.311150 0.502315 0.029707 0.035880
21 0.333719 0.469039 0.020833 0.028356