20 0.288250 0.566055 0.017000 0.028069
20 0.358750 0.701909 0.011500 0.021332
20 0.429750 0.753181 0.012500 0.017590
20 0.600625 0.709955 0.011750 0.015719
20 0.363875 0.857410 0.019750 0.022455
20 0.697000 0.876497 0.015000 0.015719
20 0.198375 0.645584 0.011250 0.016467
20 0.197750 0.310816 0.012500 0.016841
20 0.383875 0.923278 0.028250 0.024701
20 0.179875 0.871632 0.017750 0.025449
20 0.881250 0.482597 0.010000 0.019835
20 0.501750 0.044349 0.021000 0.024326
20 0.469125 0.104042 0.015250 0.020210
20 0.819625 0.090382 0.008750 0.013099
20 0.718875 0.008234 0.011750 0.015719
20 0.923375 0.019087 0.006750 0.011228
21 0.491875 0.982410 0.018750 0.011976
20 0.060500 0.971931 0.023000 0.037425
20 0.003875 0.695359 0.007250 0.031437
20 0.073875 0.589820 0.009750 0.024701
20 0.147000 0.984843 0.011500 0.025823