20 0.481750 0.521894 0.022500 0.024326
20 0.586250 0.747380 0.027500 0.032186
20 0.727625 0.595621 0.056250 0.066991
20 0.777500 0.443862 0.027500 0.032186
20 0.031125 0.504491 0.018750 0.025449
20 0.577250 0.309132 0.024000 0.041916
20 0.594500 0.429266 0.010500 0.040419
20 0.547000 0.975674 0.021000 0.035928
20 0.278125 0.615269 0.040250 0.033683
20 0.525625 0.453406 0.044250 0.057260
20 0.312625 0.522455 0.025750 0.046407
20 0.353375 0.448915 0.031250 0.035554
20 0.416000 0.528630 0.024500 0.037051
20 0.441875 0.553705 0.025750 0.031063
20 0.550875 0.501684 0.018750 0.024326
20 0.321125 0.595434 0.020750 0.028443
20 0.424875 0.678705 0.019750 0.028069
20 0.630375 0.810442 0.021750 0.022081
20 0.212625 0.665981 0.015250 0.029566
20 0.231500 0.710891 0.037000 0.061003
20 0.629875 0.809693 0.021750 0.022081
20 0.647125 0.858346 0.017750 0.020584
20 0.616375 0.882485 0.024750 0.029192
20 0.585625 0.779192 0.025250 0.025449
20 0.575500 0.843376 0.061000 0.103668