20 0.421625 0.373877 0.022750 0.046407
20 0.283875 0.258046 0.036750 0.030314
20 0.209250 0.406999 0.025500 0.059506
20 0.595000 0.217440 0.018500 0.035928
20 0.269625 0.310254 0.024750 0.026198
20 0.600000 0.362463 0.019500 0.035554
20 0.338000 0.261976 0.024000 0.039671
20 0.382375 0.351422 0.034250 0.039671
20 0.343625 0.364708 0.023750 0.031063
20 0.553750 0.719124 0.027000 0.043787
20 0.402500 0.432822 0.022000 0.033308
20 0.374625 0.706587 0.021250 0.041168
20 0.500000 0.394274 0.028000 0.046781
20 0.352750 0.183757 0.024000 0.045659
20 0.595250 0.550337 0.022500 0.026572
20 0.638750 0.347118 0.037000 0.066991
20 0.642500 0.529940 0.027000 0.053144
20 0.676250 0.355352 0.018000 0.034805
20 0.240250 0.796781 0.021000 0.026198
20 0.698250 0.306512 0.020000 0.032934
20 0.724875 0.368451 0.037250 0.057260