20 0.780000 0.744199 0.020500 0.034057
20 0.008000 0.191804 0.014500 0.031811
20 0.402375 0.853668 0.015750 0.020958
20 0.626000 0.317178 0.019500 0.027320
20 0.659250 0.377620 0.014000 0.017216
20 0.421500 0.386228 0.012500 0.017964
20 0.518500 0.424775 0.015000 0.021707
20 0.646750 0.573353 0.018500 0.026946
20 0.608000 0.821669 0.026500 0.044536
20 0.665375 0.716692 0.019250 0.029940
20 0.410125 0.889409 0.008250 0.022081
20 0.306250 0.728481 0.015500 0.032560
20 0.284875 0.803518 0.012750 0.023204
20 0.276000 0.332710 0.018500 0.035180
20 0.527375 0.386228 0.018250 0.026198
20 0.551125 0.277882 0.026250 0.042290
20 0.791125 0.547343 0.038250 0.053518
20 0.679750 0.653069 0.017500 0.025449
20 0.659625 0.456213 0.010250 0.024701