20 0.646500 0.233533 0.012500 0.028443
20 0.724750 0.314933 0.025000 0.081961
20 0.682125 0.319985 0.020250 0.037425
20 0.659875 0.379678 0.018250 0.047530
20 0.788375 0.309693 0.017250 0.028817
20 0.705125 0.458832 0.014250 0.029940
20 0.573875 0.592814 0.017250 0.035928
20 0.619000 0.722867 0.011500 0.025823
20 0.783500 0.738024 0.029000 0.021707
20 0.824875 0.561751 0.034750 0.043413
20 0.850875 0.620135 0.019250 0.018713
20 0.444500 0.066617 0.197000 0.132485
20 0.364250 0.180202 0.013500 0.043039
20 0.366125 0.280314 0.017250 0.038922
20 0.307500 0.242141 0.011500 0.026198
20 0.247875 0.064558 0.021250 0.047530
20 0.242250 0.008982 0.013500 0.017216