20 0.640500 0.354978 0.074500 0.089446
20 0.956500 0.393338 0.027000 0.040419
20 0.955125 0.705651 0.018250 0.019835
20 0.518875 0.492515 0.062750 0.065868
20 0.586000 0.441055 0.021500 0.038548
20 0.554125 0.425711 0.021250 0.034805
20 0.595375 0.508234 0.040750 0.044910
20 0.472375 0.291542 0.024250 0.042665
20 0.477875 0.647829 0.030750 0.052395
20 0.299250 0.700973 0.032000 0.032186
20 0.300625 0.577096 0.014250 0.017964
20 0.436250 0.427957 0.025500 0.038548
20 0.405750 0.406999 0.018000 0.033308
20 0.425250 0.281999 0.053000 0.100674
20 0.298750 0.212949 0.023000 0.029192
20 0.289875 0.177208 0.029750 0.031063
20 0.152125 0.551085 0.027250 0.024326
20 0.203375 0.542665 0.021750 0.028443
20 0.371000 0.290045 0.043000 0.056886
20 0.306000 0.258982 0.017500 0.024701
20 0.262500 0.293039 0.018500 0.026198
20 0.535875 0.740644 0.037250 0.042665
20 0.672125 0.412051 0.013250 0.027695
20 0.472875 0.183757 0.018250 0.030689
20 0.491125 0.259356 0.021250 0.032186
20 0.489250 0.856849 0.033500 0.055015
20 0.367625 0.883421 0.039750 0.043787
20 0.727250 0.744199 0.072000 0.040793
20 0.734000 0.499439 0.023000 0.041542
20 0.903750 0.627620 0.057000 0.056138
20 0.839625 0.667665 0.025250 0.035180
20 0.814250 0.685442 0.032000 0.040045
20 0.808625 0.732223 0.040250 0.034057
20 0.827000 0.354603 0.022500 0.020584
20 0.737125 0.359656 0.030250 0.044162
20 0.755250 0.241205 0.014500 0.020584