20 0.301875 0.965195 0.017750 0.033683
20 0.401375 0.346931 0.020750 0.029940
20 0.731000 0.494760 0.022000 0.033683
20 0.749125 0.598241 0.059250 0.061751
20 0.597500 0.776946 0.023500 0.038174
20 0.619750 0.551834 0.031000 0.041542
20 0.564000 0.485030 0.025000 0.039671
20 0.730500 0.494012 0.022000 0.033683
20 0.603500 0.422343 0.038000 0.052769
20 0.702250 0.277320 0.029000 0.047904
20 0.603000 0.421594 0.038000 0.052769
20 0.570625 0.237837 0.025250 0.047530
20 0.694750 0.456587 0.014500 0.025449
20 0.447750 0.500936 0.021000 0.024326
20 0.609125 0.361153 0.016250 0.026946
20 0.810500 0.557822 0.021500 0.024326
20 0.792500 0.711452 0.023500 0.031437
20 0.823250 0.529566 0.034000 0.032934
20 0.297125 0.255801 0.019250 0.035554
20 0.357375 0.526010 0.012750 0.019087
20 0.245375 0.451534 0.012250 0.028817
20 0.581125 0.891841 0.024750 0.044910
20 0.741625 0.259356 0.016750 0.022455
20 0.815500 0.377994 0.012000 0.025449
20 0.633375 0.193301 0.016250 0.025075
20 0.706125 0.187313 0.016250 0.025075