20 0.367750 0.606100 0.018000 0.028817
20 0.278750 0.202470 0.023000 0.035928
20 0.239125 0.276572 0.017250 0.028443
20 0.250875 0.393151 0.028750 0.028817
20 0.496500 0.137912 0.014500 0.027320
20 0.553625 0.213323 0.032750 0.043413
20 0.557125 0.283121 0.018250 0.030314
20 0.401000 0.585142 0.026500 0.058757
20 0.448375 0.473615 0.032750 0.075225
20 0.526500 0.506175 0.023000 0.040045
20 0.511875 0.548466 0.024250 0.034805
20 0.542500 0.648391 0.023500 0.038548
20 0.451000 0.646894 0.017500 0.029566
20 0.465750 0.754117 0.027000 0.038174
20 0.335375 0.461452 0.027250 0.065868
20 0.403250 0.421781 0.027000 0.038922
20 0.385125 0.361153 0.028750 0.046407
20 0.364000 0.405501 0.025500 0.031063
20 0.349750 0.370135 0.024500 0.026946
20 0.339375 0.405501 0.022250 0.021332
20 0.442375 0.418975 0.019750 0.023578
20 0.373125 0.836826 0.029750 0.037425