20 0.321000 0.584019 0.048000 0.075973
20 0.346500 0.403443 0.035500 0.034431
20 0.542625 0.244199 0.029750 0.047530
20 0.440250 0.553144 0.038500 0.040419
20 0.373375 0.615082 0.020250 0.028817
20 0.444625 0.709207 0.018250 0.053144
20 0.402750 0.898578 0.023000 0.031437
20 0.343500 0.912238 0.037500 0.070734
20 0.313750 0.945921 0.014500 0.025823
20 0.055125 0.127058 0.027750 0.040045
20 0.219000 0.073915 0.023000 0.028817
20 0.396500 0.120509 0.024000 0.035928
20 0.664750 0.104042 0.035500 0.023204
20 0.838375 0.119760 0.032750 0.043413
20 0.980125 0.485404 0.031750 0.037425
20 0.599875 0.723615 0.019250 0.047530
20 0.201000 0.222867 0.023000 0.028817