20 0.559000 0.918787 0.022000 0.034431
20 0.713750 0.622193 0.024000 0.043039
20 0.887875 0.197605 0.020250 0.037425
20 0.257500 0.563623 0.026000 0.029940
20 0.328500 0.479042 0.032000 0.028443
20 0.388000 0.735030 0.069000 0.052395
20 0.350500 0.771707 0.016000 0.029940
20 0.470000 0.547156 0.019000 0.029940
20 0.417500 0.482784 0.018000 0.023952
20 0.399500 0.664671 0.022000 0.031437
20 0.529500 0.571108 0.074000 0.107784
20 0.498000 0.737275 0.019000 0.026946
20 0.541500 0.667665 0.014000 0.025449
20 0.561500 0.410928 0.018000 0.026946
20 0.630000 0.389970 0.015000 0.023952
20 0.729500 0.071108 0.020000 0.017964
20 0.712000 0.102545 0.031000 0.029940
