20 0.115750 0.770584 0.047000 0.092066
20 0.247000 0.597305 0.037000 0.037425
20 0.460500 0.520210 0.026000 0.029940
20 0.354500 0.870509 0.016000 0.017964
20 0.397000 0.845060 0.011000 0.017964
20 0.638500 0.600299 0.020000 0.049401
20 0.722500 0.386976 0.024000 0.035928
20 0.418000 0.178892 0.145000 0.077844
20 0.374500 0.271707 0.022000 0.056886
20 0.491000 0.433383 0.027000 0.035928
20 0.538000 0.528443 0.017000 0.031437
20 0.511000 0.538174 0.031000 0.041916
20 0.578500 0.447605 0.046000 0.055389
20 0.596500 0.350299 0.030000 0.058383
20 0.677500 0.413922 0.016000 0.020958
20 0.700500 0.223802 0.044000 0.071856