20 0.363375 0.597118 0.044250 0.067740
20 0.712875 0.558196 0.033750 0.102171
20 0.464250 0.764034 0.013500 0.024326
20 0.434500 0.986340 0.021000 0.022829
20 0.800875 0.465943 0.021250 0.032934
20 0.828750 0.332897 0.025000 0.040045
20 0.791625 0.155689 0.022250 0.034431
20 0.498500 0.825599 0.026000 0.032934
20 0.458000 0.851796 0.015000 0.019461
20 0.379500 0.912425 0.012000 0.017964
20 0.526500 0.840569 0.020000 0.023952
20 0.716500 0.782934 0.016000 0.019461
20 0.732500 0.748503 0.012000 0.016467
20 0.894500 0.157186 0.018000 0.019461
20 0.961000 0.040419 0.013000 0.025449
20 0.865500 0.210329 0.016000 0.014970
20 0.787000 0.061377 0.021000 0.031437
20 0.790500 0.029192 0.010000 0.023952
