20 0.425875 0.668226 0.021250 0.034805
20 0.841250 0.419910 0.015500 0.035928
20 0.900750 0.491954 0.027000 0.021332
20 0.296500 0.495509 0.026000 0.058383
20 0.283000 0.533683 0.017000 0.017964
20 0.290500 0.581587 0.012000 0.023952
20 0.369000 0.467066 0.025000 0.049401
20 0.621000 0.452844 0.019000 0.032934
20 0.675500 0.470060 0.014000 0.019461
20 0.693000 0.394461 0.011000 0.023952
20 0.652000 0.359281 0.021000 0.028443
20 0.345000 0.433383 0.019000 0.026946
20 0.367000 0.419162 0.009000 0.016467
20 0.390500 0.395958 0.016000 0.023952
20 0.489000 0.338323 0.021000 0.028443
20 0.488000 0.262725 0.021000 0.029940
20 0.450000 0.277695 0.019000 0.026946