21 0.218943 0.200810 0.018133 0.030093
21 0.264468 0.498843 0.018904 0.021991
21 0.244985 0.639757 0.017747 0.028356
21 0.261381 0.688657 0.016590 0.027778
21 0.331983 0.648727 0.015818 0.025463
21 0.280671 0.738426 0.013503 0.026620
21 0.503086 0.615162 0.013889 0.017361
21 0.374228 0.764178 0.020833 0.028356
21 0.391397 0.774884 0.015818 0.016204
21 0.412616 0.767072 0.022762 0.028356
21 0.625000 0.647859 0.017747 0.035301
21 0.647569 0.721933 0.015818 0.017940
21 0.467014 0.445312 0.008873 0.022569
21 0.484568 0.339988 0.013889 0.019097
21 0.720872 0.672454 0.025849 0.025463
21 0.760802 0.366609 0.020833 0.030671
21 0.670332 0.203414 0.015818 0.016782
21 0.538002 0.190683 0.015818 0.023727
21 0.640239 0.107060 0.011188 0.021991
21 0.744213 0.135127 0.010802 0.024884