20 0.107500 0.789671 0.028000 0.029940
20 0.552500 0.782934 0.050000 0.040419
20 0.498000 0.481287 0.027000 0.029940
20 0.766000 0.547904 0.035000 0.037425
20 0.835500 0.505240 0.072000 0.053892
20 0.331500 0.627994 0.028000 0.026946
20 0.315500 0.587575 0.040000 0.041916
20 0.195500 0.619760 0.038000 0.052395
20 0.145500 0.598802 0.018000 0.022455
20 0.099000 0.539671 0.061000 0.080838
20 0.151500 0.497754 0.024000 0.038922
20 0.033000 0.622754 0.023000 0.025449
20 0.251500 0.513473 0.022000 0.046407
20 0.286000 0.437126 0.031000 0.049401
20 0.293000 0.291916 0.029000 0.058383