21 0.763563 0.774016 0.040148 0.046296
21 0.569878 0.183015 0.032552 0.053530
21 0.119032 0.613426 0.022786 0.026042
21 0.244900 0.666956 0.014106 0.026042
21 0.082140 0.413773 0.016276 0.017361
21 0.191732 0.054977 0.014106 0.017361
21 0.169488 0.505642 0.017361 0.018808
21 0.073459 0.910735 0.016276 0.024595
21 0.626953 0.922888 0.023872 0.033275
21 0.697700 0.943576 0.020833 0.032986
21 0.709093 0.409578 0.028863 0.056424
21 0.724609 0.316551 0.041233 0.071759
21 0.786133 0.434462 0.027995 0.042535
21 0.778320 0.595052 0.033203 0.038484
21 0.567491 0.419271 0.014323 0.028935
21 0.530273 0.493779 0.053602 0.106192
21 0.421766 0.419994 0.022786 0.038484
21 0.349392 0.535735 0.008247 0.013600
21 0.367079 0.624566 0.014540 0.031539
21 0.461046 0.521846 0.018446 0.027488