20 0.412875 0.320734 0.027750 0.035928
20 0.476250 0.618451 0.041500 0.047530
20 0.542625 0.726609 0.020250 0.047530
20 0.344000 0.599738 0.027000 0.044536
20 0.281125 0.361527 0.020250 0.034431
20 0.054750 0.678331 0.025000 0.025823
20 0.039250 0.839446 0.017500 0.037425
20 0.147875 0.495509 0.021250 0.023204
20 0.824750 0.063623 0.025000 0.034431
20 0.436750 0.122567 0.012500 0.025823
20 0.754125 0.879117 0.016250 0.024701
20 0.505500 0.351048 0.014000 0.020958
20 0.412500 0.741766 0.054000 0.050898
20 0.460000 0.722305 0.021000 0.029940
20 0.560500 0.961826 0.042000 0.050898
20 0.597000 0.902695 0.023000 0.034431