21 0.309703 0.917824 0.070795 0.091435
21 0.752894 0.864005 0.039738 0.057870
21 0.966146 0.366319 0.014082 0.020833
21 0.655285 0.128472 0.048225 0.033565
21 0.517554 0.117332 0.019290 0.052951
21 0.346451 0.014902 0.021991 0.029225
21 0.281829 0.158275 0.019290 0.057870
21 0.221836 0.036024 0.025849 0.032118
21 0.831694 0.027922 0.017168 0.032118
21 0.867573 0.054543 0.039545 0.024016
21 0.450135 0.558449 0.059992 0.096065
21 0.536941 0.559317 0.071181 0.112847
21 0.501447 0.735098 0.099344 0.141493
21 0.532890 0.903356 0.010224 0.033565
21 0.448110 0.449653 0.035494 0.094329
21 0.473573 0.349826 0.049769 0.065394