21 0.064236 0.728340 0.031250 0.027447
21 0.112723 0.952546 0.027034 0.038690
21 0.137525 0.879960 0.020585 0.025794
21 0.187004 0.908069 0.024802 0.021825
21 0.277034 0.935516 0.019345 0.015873
21 0.358011 0.941138 0.015129 0.027116
21 0.331101 0.693783 0.036706 0.058862
21 0.270089 0.654266 0.033234 0.045966
21 0.314856 0.425595 0.030010 0.048942
21 0.265749 0.011078 0.027034 0.021495
21 0.534846 0.423611 0.032490 0.047619
21 0.437252 0.462467 0.020337 0.021495
21 0.613963 0.463790 0.046379 0.061839
21 0.843254 0.456680 0.047619 0.064815
21 0.762401 0.082176 0.017361 0.020172
21 0.949405 0.439319 0.013889 0.018849
21 0.847594 0.678737 0.021577 0.043320
21 0.715526 0.087798 0.011905 0.014220
21 0.655630 0.123843 0.010665 0.020172
