21 0.663773 0.793981 0.037423 0.065972
21 0.791281 0.687211 0.024691 0.022569
21 0.597222 0.642072 0.033179 0.048032
21 0.190201 0.519676 0.028549 0.057870
21 0.113426 0.686343 0.023920 0.038194
21 0.207562 0.710938 0.035494 0.051505
21 0.314236 0.580440 0.061343 0.072917
21 0.461613 0.574363 0.029707 0.028356
21 0.301890 0.396412 0.032793 0.046296
21 0.410687 0.304398 0.018904 0.048611
21 0.452932 0.327257 0.027778 0.053819
21 0.454282 0.258391 0.030478 0.043403
21 0.636767 0.414062 0.023534 0.043403
21 0.713349 0.369502 0.024691 0.043403
21 0.768904 0.375579 0.013117 0.027778
21 0.701003 0.519387 0.017747 0.039931
21 0.751929 0.544560 0.020833 0.042824
21 0.839120 0.635127 0.024691 0.039931
21 0.865741 0.627025 0.013117 0.041088
21 0.889468 0.603299 0.016590 0.050347
21 0.888503 0.671586 0.014660 0.032986