21 0.192708 0.632523 0.015046 0.032407
21 0.404514 0.821181 0.018133 0.033565
21 0.325617 0.914641 0.013117 0.030671
21 0.412423 0.329572 0.025463 0.030671
21 0.565779 0.350405 0.025849 0.043403
21 0.474537 0.650752 0.016975 0.043403
21 0.499807 0.752025 0.031250 0.043403
21 0.582948 0.699942 0.019290 0.044560
21 0.696373 0.716725 0.025463 0.043403
21 0.848573 0.555266 0.025849 0.054977
21 0.864005 0.293403 0.020448 0.028935
21 0.590278 0.475116 0.021605 0.045139
21 0.636960 0.370370 0.018519 0.038194
21 0.865162 0.090856 0.022762 0.032407
21 0.969522 0.010417 0.019290 0.019676
21 0.684606 0.070602 0.015046 0.024306
21 0.635224 0.015046 0.012731 0.028935
21 0.672261 0.010995 0.020448 0.020833
21 0.140239 0.114005 0.017361 0.030093
