20 0.973187 0.412037 0.028164 0.038194
21 0.162423 0.534433 0.020833 0.039931
21 0.142554 0.633970 0.018904 0.034144
21 0.249614 0.620370 0.020833 0.021991
21 0.289545 0.654514 0.029707 0.052083
21 0.337963 0.731771 0.023920 0.034144
21 0.413194 0.653067 0.017747 0.034144
21 0.366127 0.812500 0.020833 0.026620
21 0.447338 0.785012 0.012731 0.019097
21 0.468171 0.850405 0.032793 0.039931
21 0.539931 0.713831 0.029707 0.037616
21 0.537809 0.532118 0.017747 0.023727
21 0.460262 0.582755 0.024691 0.026620
21 0.426119 0.499421 0.011960 0.017361
21 0.669753 0.452836 0.024691 0.049190
21 0.713542 0.553530 0.022762 0.024884
21 0.814815 0.638889 0.033951 0.035880
21 0.711420 0.248843 0.024691 0.041667
21 0.748071 0.248553 0.014660 0.032986
21 0.891011 0.428819 0.009645 0.025463