21 0.130015 0.846354 0.033179 0.048032
21 0.059414 0.940972 0.022377 0.028935
21 0.255980 0.942708 0.036651 0.054398
21 0.378665 0.866319 0.018133 0.037037
21 0.320795 0.839988 0.020448 0.035301
21 0.233989 0.751447 0.026620 0.022569
21 0.264468 0.697627 0.032022 0.046875
21 0.132137 0.598669 0.028935 0.038773
21 0.632716 0.754630 0.030864 0.041667
21 0.695409 0.665509 0.012731 0.020833
21 0.736497 0.649884 0.016204 0.028935
21 0.735918 0.717593 0.015046 0.025463
21 0.787037 0.517361 0.016204 0.020833
21 0.365355 0.376736 0.016975 0.045139
21 0.270448 0.465278 0.020062 0.035880
21 0.222801 0.436343 0.021219 0.050926
21 0.192708 0.375289 0.015046 0.022569
21 0.259645 0.343171 0.011574 0.025463
21 0.704668 0.514178 0.012731 0.023727