21 0.089313 0.491898 0.016590 0.026620
21 0.070023 0.579572 0.011960 0.027199
21 0.164352 0.578125 0.010802 0.020833
21 0.203125 0.611400 0.018904 0.034144
21 0.246914 0.677373 0.017747 0.029514
21 0.268133 0.758970 0.020833 0.023727
21 0.360725 0.794850 0.025463 0.023727
21 0.340471 0.734664 0.011188 0.016782
21 0.316165 0.615162 0.019676 0.030093
21 0.422261 0.676794 0.015818 0.028356
21 0.356867 0.550637 0.020062 0.024884
21 0.325231 0.472222 0.007716 0.010417
21 0.427083 0.505208 0.017747 0.020833
21 0.548611 0.437789 0.017747 0.043403
21 0.585455 0.534144 0.015818 0.025463
21 0.668403 0.607928 0.015818 0.023727
21 0.843364 0.533565 0.013889 0.017361
21 0.747492 0.421586 0.005787 0.016782
20 0.826775 0.410301 0.023920 0.032407
21 0.592785 0.257523 0.018904 0.032407
21 0.625000 0.259549 0.013889 0.034144