21 0.527296 0.478154 0.023727 0.025752
21 0.578221 0.516782 0.026813 0.035301
21 0.947917 0.451678 0.011960 0.014468
21 0.796296 0.482928 0.019290 0.038773
21 0.840760 0.167101 0.056906 0.050058
21 0.499421 0.162182 0.012731 0.033854
21 0.748553 0.376157 0.011767 0.020833
21 0.550637 0.990596 0.017168 0.018808
21 0.568962 0.946759 0.017168 0.016782
21 0.931327 0.724537 0.019290 0.028935
21 0.971933 0.726707 0.015239 0.027488
21 0.991802 0.792679 0.016397 0.031539
21 0.934992 0.684172 0.016204 0.021123
21 0.347126 0.429832 0.010224 0.015336
21 0.356771 0.448206 0.027585 0.024306
21 0.372010 0.348380 0.017168 0.031829
21 0.295814 0.349826 0.017168 0.019676
21 0.282600 0.405527 0.011188 0.018229
21 0.598958 0.668981 0.016204 0.024306
21 0.602913 0.721499 0.018326 0.047164
21 0.854263 0.250145 0.021412 0.021123