21 0.394290 0.142072 0.019290 0.022569
21 0.409722 0.185764 0.020062 0.012731
21 0.091628 0.537616 0.028935 0.048611
21 0.876350 0.756366 0.015046 0.016204
21 0.279707 0.276910 0.031636 0.050347
21 0.249421 0.313947 0.016590 0.027199
21 0.323688 0.379919 0.016975 0.043403
21 0.361690 0.219618 0.019676 0.034144
21 0.446373 0.271701 0.032407 0.066551
21 0.503665 0.331597 0.016590 0.032407
21 0.480903 0.561053 0.012731 0.030671
21 0.503279 0.615162 0.025849 0.053241
21 0.538387 0.582465 0.022762 0.044560
21 0.657022 0.500289 0.027006 0.019097
21 0.740548 0.416377 0.025849 0.056134
21 0.718364 0.201100 0.032407 0.056134
21 0.562114 0.207176 0.030864 0.041667
21 0.523534 0.146412 0.020833 0.035880
21 0.750000 0.517361 0.010802 0.020833
21 0.862461 0.635995 0.033565 0.038194