21 0.684799 0.789352 0.019290 0.024306
21 0.332176 0.862269 0.019290 0.025463
21 0.345293 0.785880 0.013889 0.017361
21 0.032407 0.053819 0.016204 0.025463
21 0.175733 0.409722 0.009645 0.016204
21 0.211420 0.213831 0.025463 0.043403
21 0.234761 0.449653 0.022762 0.042824
21 0.270833 0.455150 0.013889 0.023727
21 0.421682 0.328125 0.014660 0.027778
21 0.517940 0.217593 0.015818 0.020833
21 0.624421 0.397280 0.012731 0.023727
21 0.632330 0.444734 0.020833 0.044560
21 0.574460 0.480324 0.017747 0.026620
21 0.639275 0.495081 0.016975 0.023727
21 0.652971 0.450521 0.008873 0.017940
21 0.734182 0.417824 0.014660 0.024306
21 0.625386 0.355613 0.014660 0.017940
21 0.686343 0.315972 0.021605 0.016204
21 0.830054 0.378472 0.012731 0.021991