21 0.244406 0.376881 0.023534 0.025752
21 0.318769 0.017795 0.026427 0.022859
21 0.344618 0.706308 0.047647 0.108218
21 0.421200 0.517361 0.042631 0.059606
21 0.532890 0.445747 0.040702 0.044271
21 0.396798 0.653646 0.022377 0.033565
21 0.321759 0.802951 0.032407 0.033565
21 0.412616 0.678096 0.013117 0.027488
21 0.466435 0.655961 0.033565 0.041088
21 0.479070 0.725260 0.020255 0.039641
21 0.453221 0.803675 0.029514 0.037905
21 0.564911 0.576823 0.045718 0.065683
21 0.748167 0.554688 0.016397 0.036458
21 0.601466 0.493056 0.047840 0.071759
21 0.646123 0.332465 0.027585 0.033565
21 0.600984 0.368200 0.028356 0.032118
21 0.514178 0.372685 0.023341 0.031829
21 0.473476 0.250868 0.021412 0.028935
21 0.473476 0.190683 0.021412 0.021412
21 0.567419 0.220341 0.034529 0.022859