21 0.441069 0.150897 0.026813 0.046586
21 0.410976 0.251447 0.054591 0.086806
21 0.503472 0.985822 0.044367 0.028356
21 0.256269 0.403935 0.023341 0.048611
21 0.258295 0.463976 0.057870 0.047164
21 0.316069 0.402344 0.053819 0.063947
21 0.337963 0.464120 0.020448 0.056134
21 0.304495 0.325521 0.024498 0.038194
21 0.383102 0.410012 0.027392 0.076389
21 0.460841 0.502170 0.069059 0.123553
21 0.643519 0.423756 0.062886 0.140336
21 0.428337 0.936198 0.056906 0.083623
21 0.493827 0.821181 0.067901 0.103588
21 0.540509 0.627025 0.049769 0.089699
21 0.606481 0.598814 0.059799 0.097512