21 0.159722 0.274595 0.027778 0.059606
21 0.217014 0.454861 0.037423 0.062500
21 0.219715 0.332755 0.023534 0.062500
21 0.273148 0.179977 0.019290 0.037037
21 0.311150 0.274884 0.031250 0.065972
21 0.344522 0.210359 0.030864 0.039931
21 0.484375 0.195312 0.032022 0.054977
21 0.468171 0.632523 0.023534 0.041667
21 0.531057 0.581019 0.020448 0.038194
21 0.692130 0.638310 0.010802 0.037037
21 0.669174 0.539352 0.014275 0.016204
21 0.675154 0.468750 0.010802 0.028935
21 0.621528 0.081019 0.032407 0.045139
21 0.715856 0.313947 0.023534 0.022569
21 0.702932 0.450231 0.016975 0.037037
21 0.815972 0.467593 0.011574 0.024306
21 0.757523 0.573785 0.015046 0.023727
21 0.257909 0.587674 0.061343 0.102431
21 0.258873 0.679977 0.037809 0.057870
21 0.582369 0.684896 0.019676 0.032986
21 0.466628 0.954282 0.027392 0.046296