21 0.975212 0.580150 0.036458 0.059606
21 0.953704 0.368924 0.042824 0.051505
21 0.104938 0.045718 0.032022 0.041667
21 0.069637 0.141348 0.023534 0.036748
21 0.984857 0.495804 0.030285 0.089988
21 0.764082 0.012587 0.034336 0.024595
20 0.318191 0.059751 0.015239 0.018229
21 0.900367 0.538628 0.034529 0.068576
21 0.851273 0.714699 0.080247 0.115741
21 0.696373 0.376591 0.012346 0.018229
21 0.691262 0.409288 0.012153 0.019965
21 0.668499 0.477865 0.015239 0.022859
21 0.676022 0.521991 0.010224 0.026042
21 0.719232 0.504485 0.013310 0.027488
21 0.741030 0.477720 0.010224 0.019676
21 0.456308 0.209635 0.015239 0.022859
21 0.489776 0.259983 0.027392 0.044271
21 0.427855 0.368200 0.055941 0.077836
21 0.529803 0.314091 0.026427 0.051794
21 0.523341 0.371094 0.019290 0.047164
21 0.524788 0.419850 0.020255 0.028935
21 0.542631 0.451100 0.019290 0.067130
21 0.522280 0.485388 0.045718 0.056424
21 0.500482 0.523582 0.042631 0.056424
21 0.440586 0.490017 0.038580 0.050058
21 0.402971 0.516638 0.030478 0.036748
21 0.442998 0.716869 0.015239 0.035012
21 0.498457 0.645399 0.054784 0.044271
21 0.475019 0.710793 0.020255 0.041377
21 0.489776 0.764757 0.041667 0.045718
20 0.494888 0.850260 0.045718 0.109664
21 0.531346 0.739728 0.017168 0.019965
21 0.549672 0.705584 0.066165 0.051794
21 0.588735 0.665075 0.030478 0.059317
21 0.540509 0.596499 0.025463 0.035012
21 0.582658 0.609520 0.028356 0.027488
21 0.050154 0.165654 0.009259 0.013600