21 0.029996 0.555266 0.017168 0.022569
21 0.005980 0.619358 0.011574 0.019965
21 0.211516 0.866319 0.022569 0.030671
21 0.155382 0.639757 0.017168 0.030671
21 0.238812 0.585793 0.019290 0.025752
21 0.430748 0.372106 0.023534 0.035301
21 0.482735 0.394531 0.037616 0.035590
21 0.515914 0.526331 0.024498 0.035301
21 0.529321 0.666956 0.019290 0.030671
21 0.552373 0.274016 0.011767 0.035301
21 0.564718 0.357494 0.012924 0.019387
21 0.497203 0.238571 0.021412 0.019387
21 0.554495 0.867911 0.018326 0.024016
21 0.638117 0.944300 0.016204 0.025752
21 0.683642 0.867911 0.008488 0.017650
21 0.811150 0.821325 0.023534 0.024016
21 0.855613 0.925781 0.018326 0.027488
21 0.856771 0.706453 0.026813 0.025752
21 0.858314 0.571470 0.012924 0.022569
21 0.793017 0.710503 0.019290 0.024016
21 0.855228 0.887442 0.021412 0.038194
21 0.348187 0.355179 0.038580 0.051794
21 0.359857 0.314959 0.029514 0.022859
21 0.297261 0.967737 0.034336 0.064525