21 0.704737 0.637731 0.009673 0.012897
21 0.781870 0.555721 0.010665 0.012897
21 0.491319 0.641369 0.011905 0.011574
21 0.486979 0.680886 0.011657 0.009921
21 0.397941 0.626157 0.008681 0.012897
21 0.364583 0.635582 0.012897 0.023148
21 0.333333 0.663525 0.008433 0.012897
21 0.304812 0.569444 0.013889 0.025794
21 0.348338 0.459491 0.015129 0.018849
21 0.434648 0.374669 0.008681 0.021825
21 0.620660 0.384755 0.007688 0.010251
21 0.309152 0.530589 0.009673 0.014220
21 0.275670 0.546462 0.007688 0.011574
21 0.527902 0.528604 0.013641 0.027447
21 0.566716 0.485284 0.012401 0.020833
21 0.554812 0.588624 0.009425 0.017857
21 0.588294 0.550761 0.010417 0.013558
21 0.609623 0.623677 0.013393 0.019180
21 0.582217 0.647983 0.008185 0.009590
21 0.308284 0.788360 0.008433 0.012566