21 0.540582 0.838397 0.015191 0.021701
21 0.405490 0.791377 0.016276 0.034722
21 0.564453 0.784867 0.019531 0.027488
21 0.602431 0.741464 0.017361 0.021701
21 0.976997 0.126013 0.046007 0.048900
21 0.716797 0.293981 0.118924 0.144676
21 0.619683 0.390336 0.017578 0.020833
21 0.537543 0.401476 0.078559 0.081308
21 0.511176 0.317274 0.048394 0.070312
21 0.563368 0.311053 0.012587 0.013889
21 0.709635 0.446759 0.065104 0.130787
21 0.628472 0.525318 0.076389 0.136285
21 0.605252 0.622541 0.036024 0.044271
21 0.447591 0.539931 0.057943 0.101852
21 0.337674 0.454427 0.073351 0.102141
21 0.260091 0.367622 0.044488 0.066262
21 0.525608 0.720341 0.019531 0.019387
21 0.516276 0.760272 0.013455 0.024595
21 0.501953 0.787182 0.011285 0.020544