21 0.295356 0.790654 0.034722 0.053530
21 0.364800 0.715422 0.052083 0.070891
21 0.117405 0.593171 0.091146 0.066551
21 0.607856 0.389178 0.036892 0.052083
21 0.520508 0.851418 0.033637 0.047743
21 0.652344 0.645255 0.026042 0.046296
21 0.554145 0.673466 0.053168 0.082465
21 0.692491 0.244502 0.039062 0.052083
21 0.695747 0.452836 0.039062 0.049190
21 0.765734 0.682147 0.020616 0.039062
21 0.942600 0.802228 0.031467 0.047743
21 0.924154 0.417390 0.014106 0.027488
21 0.649631 0.183738 0.014106 0.023148
20 0.818142 0.469618 0.014323 0.035880
21 0.588759 0.844329 0.035156 0.071759
21 0.437283 0.820168 0.029948 0.059317
20 0.317383 0.528067 0.027995 0.039931
20 0.227973 0.530816 0.039280 0.048322
21 0.259549 0.451678 0.018663 0.024884
21 0.985569 0.615596 0.019748 0.033275
21 0.951931 0.930556 0.008464 0.017940