21 0.900050 0.372520 0.018353 0.017526
21 0.976562 0.463128 0.009673 0.011574
21 0.877852 0.025959 0.008681 0.014220
21 0.121776 0.755952 0.013393 0.016534
21 0.526290 0.920635 0.010417 0.015212
21 0.768601 0.925595 0.011409 0.019180
21 0.705109 0.792493 0.010417 0.009590
21 0.659722 0.921958 0.010417 0.015212
21 0.672123 0.793981 0.010417 0.012566
21 0.572917 0.703704 0.010417 0.013889
21 0.494296 0.781415 0.010417 0.015212
21 0.605407 0.610119 0.015377 0.016534
21 0.502604 0.595569 0.014633 0.020503
21 0.514509 0.527282 0.009177 0.010913
21 0.655010 0.480489 0.007440 0.011243
21 0.631324 0.486607 0.017609 0.026124
21 0.604911 0.472222 0.012401 0.016534
21 0.523810 0.483300 0.011409 0.010913
21 0.561384 0.443948 0.018601 0.014881
21 0.648313 0.391700 0.008433 0.006944
21 0.689732 0.259921 0.012401 0.016534
21 0.710317 0.257275 0.012401 0.021825
21 0.621900 0.168320 0.007192 0.012566
21 0.612599 0.205688 0.015377 0.015212
21 0.564608 0.350364 0.020585 0.023479
21 0.584201 0.348214 0.010169 0.011243
21 0.523189 0.357804 0.018601 0.016534
21 0.523313 0.316468 0.014385 0.016534