21 0.812391 0.861545 0.107422 0.125868
21 0.952908 0.724103 0.067274 0.036169
21 0.930122 0.698061 0.019531 0.024595
21 0.924696 0.634404 0.026042 0.024595
21 0.809679 0.308883 0.041233 0.085359
20 0.341254 0.710069 0.019748 0.031829
21 0.987630 0.980035 0.023872 0.039931
21 0.710612 0.590856 0.069227 0.085648
21 0.761827 0.492332 0.031033 0.042535
21 0.644531 0.587963 0.023872 0.035880
21 0.555664 0.574942 0.052734 0.078704
21 0.511176 0.745081 0.015408 0.024884
21 0.452365 0.623843 0.060981 0.123843
21 0.427951 0.530961 0.018663 0.026042
21 0.338542 0.585938 0.040365 0.031829
21 0.303928 0.658420 0.057943 0.085359
21 0.523546 0.475116 0.067057 0.082755
21 0.587131 0.422743 0.016710 0.016782
21 0.636176 0.454427 0.015408 0.011285