21 0.480035 0.297309 0.017168 0.036748
21 0.495081 0.242622 0.017168 0.030382
21 0.909915 0.933304 0.019290 0.033275
21 0.934510 0.651910 0.026042 0.031829
21 0.752701 0.031250 0.009645 0.020255
21 0.418113 0.579861 0.042631 0.043981
21 0.446663 0.680266 0.028356 0.062500
21 0.456790 0.538628 0.022377 0.035012
21 0.499904 0.527344 0.039545 0.076100
21 0.468461 0.473958 0.037616 0.042824
21 0.426312 0.464120 0.020448 0.031829
21 0.492863 0.381076 0.027392 0.039352
21 0.502508 0.308883 0.024306 0.035012
21 0.396316 0.521267 0.015239 0.018229
21 0.540509 0.777922 0.035494 0.047164
21 0.559317 0.732928 0.022184 0.048611
21 0.586227 0.758681 0.011188 0.021412
21 0.588735 0.915654 0.048611 0.051794
21 0.625386 0.883536 0.030478 0.051794
21 0.638021 0.814236 0.021412 0.028935
21 0.646605 0.860822 0.024306 0.039352
21 0.807099 0.288918 0.016204 0.032118
21 0.976659 0.922454 0.046682 0.104745