21 0.138117 0.449942 0.030093 0.030671
21 0.279514 0.131655 0.017361 0.039931
21 0.288580 0.408854 0.016204 0.022569
21 0.437693 0.258681 0.026620 0.040509
21 0.520833 0.512731 0.019290 0.040509
21 0.583333 0.491898 0.020062 0.046296
21 0.539352 0.543113 0.011574 0.014468
21 0.603202 0.618924 0.012731 0.027199
21 0.684221 0.543981 0.009645 0.016204
21 0.709684 0.629919 0.009645 0.017940
21 0.809992 0.644676 0.017361 0.020833
21 0.746142 0.431424 0.022377 0.026042
21 0.677662 0.309606 0.006559 0.013889
20 0.824074 0.419560 0.015432 0.030093