20 0.144875 0.247567 0.023250 0.040793
20 0.233125 0.162425 0.032250 0.029940
20 0.147500 0.106475 0.025000 0.028069
20 0.083375 0.159805 0.014250 0.025449
20 0.162750 0.050150 0.009000 0.017216
20 0.656500 0.332897 0.018000 0.031811
20 0.610625 0.504491 0.018750 0.025449
20 0.675250 0.490457 0.012500 0.016093
20 0.763750 0.461826 0.012500 0.017216
20 0.736875 0.546033 0.016250 0.020210
20 0.679375 0.630240 0.015250 0.022455
20 0.768625 0.618263 0.015250 0.020210
20 0.603000 0.851422 0.016000 0.018713
20 0.831625 0.703780 0.010750 0.012350
20 0.114125 0.370883 0.011750 0.017216
20 0.123875 0.467814 0.015250 0.029192
20 0.047625 0.581400 0.014250 0.029566
20 0.147125 0.573353 0.013250 0.018713
20 0.210625 0.675711 0.015250 0.019835
20 0.249875 0.642403 0.013250 0.014596
20 0.442625 0.024701 0.015250 0.017216
20 0.457500 0.062500 0.018000 0.023952
20 0.141375 0.720621 0.014250 0.021332
20 0.066750 0.727919 0.011500 0.017216
20 0.335500 0.415606 0.008000 0.016841
20 0.387875 0.140344 0.008250 0.016467
20 0.357000 0.284244 0.009000 0.016093
20 0.207375 0.219873 0.013250 0.015344
20 0.176250 0.481100 0.019000 0.025075
20 0.191250 0.327283 0.012000 0.023578
20 0.220000 0.267028 0.018500 0.034805
20 0.189125 0.193488 0.016250 0.023952
20 0.250125 0.328593 0.011750 0.017216
20 0.292500 0.317740 0.011500 0.019461
20 0.279000 0.259731 0.009500 0.018713
20 0.491000 0.406624 0.021000 0.026572
20 0.483875 0.334768 0.007250 0.017590
20 0.463625 0.401946 0.008750 0.018713
20 0.420500 0.416168 0.008500 0.017216
20 0.384500 0.395210 0.009500 0.017964
20 0.322000 0.283683 0.015000 0.026198
20 0.128875 0.300337 0.014250 0.028069
20 0.271000 0.910180 0.014500 0.023952