20 0.551250 0.147081 0.116500 0.129491
20 0.090750 0.077283 0.122000 0.119386
20 0.375375 0.281063 0.022250 0.040419
20 0.313500 0.542478 0.045500 0.048278
20 0.869000 0.946108 0.061500 0.106287
20 0.910875 0.946669 0.022250 0.047530
20 0.131500 0.154379 0.036500 0.040045
20 0.947875 0.656811 0.017250 0.037425
20 0.596000 0.050711 0.013500 0.019835
20 0.311375 0.598428 0.039250 0.055389
20 0.404125 0.715007 0.026250 0.039296
20 0.380125 0.632111 0.033250 0.044910
20 0.355500 0.788361 0.040000 0.058009
20 0.299250 0.720060 0.099000 0.203593