20 0.539125 0.472680 0.011750 0.017964
20 0.661000 0.524888 0.022500 0.027320
20 0.695125 0.488211 0.013250 0.014596
20 0.587125 0.568301 0.016750 0.033308
20 0.599375 0.661677 0.020250 0.032934
20 0.516375 0.732597 0.021750 0.022081
20 0.249875 0.575412 0.015250 0.027320
20 0.434500 0.055763 0.013500 0.024701
20 0.736375 0.257298 0.009750 0.030314
20 0.758000 0.293975 0.014500 0.040045
20 0.866125 0.889222 0.017250 0.018713
20 0.991250 0.862463 0.013500 0.025823
20 0.811375 0.887725 0.011750 0.021707
20 0.732000 0.791916 0.014500 0.017216
20 0.985000 0.691055 0.030000 0.046033
20 0.665500 0.368638 0.007000 0.009731