20 0.445125 0.302769 0.040250 0.042665
20 0.555750 0.352358 0.022000 0.026572
20 0.381500 0.781811 0.050000 0.037425
20 0.309000 0.558757 0.014500 0.034431
20 0.273375 0.678331 0.016250 0.028817
20 0.226000 0.198915 0.024500 0.037051
20 0.224375 0.297156 0.016250 0.045659
20 0.158875 0.320734 0.016750 0.027695
20 0.232125 0.360217 0.029750 0.050524
20 0.243750 0.400449 0.014000 0.029192
20 0.190750 0.421594 0.024000 0.038548
20 0.211375 0.457897 0.021250 0.058757
20 0.573625 0.296407 0.029250 0.037425
20 0.420250 0.244760 0.018000 0.019461
20 0.463375 0.193301 0.031750 0.051272
20 0.435500 0.193862 0.015000 0.033683
20 0.410500 0.170284 0.019000 0.038174
20 0.661625 0.364895 0.013250 0.035180
20 0.440375 0.051085 0.073750 0.073728