20 0.375750 0.293975 0.025000 0.040045
20 0.362250 0.331400 0.013500 0.022829
20 0.398375 0.322043 0.014250 0.027320
20 0.442250 0.352171 0.038500 0.053144
20 0.535875 0.514222 0.054750 0.071856
20 0.526250 0.594873 0.022000 0.025823
20 0.593125 0.525823 0.021250 0.023204
20 0.600375 0.478293 0.018250 0.034431
20 0.546500 0.729416 0.022000 0.029940
20 0.615250 0.710704 0.015500 0.024701
20 0.333000 0.557448 0.012500 0.025823
20 0.331500 0.661864 0.013500 0.024326
20 0.162375 0.101048 0.017250 0.017216
20 0.991750 0.549027 0.016500 0.038174
20 0.983125 0.394835 0.018250 0.017216