20 0.452125 0.404379 0.055750 0.048278
20 0.185000 0.888473 0.076000 0.101048
20 0.095000 0.691991 0.023000 0.056138
20 0.026250 0.440494 0.018500 0.027695
20 0.064750 0.680576 0.014500 0.024326
20 0.098875 0.953967 0.017250 0.027695
20 0.207500 0.787612 0.021000 0.063249
20 0.153250 0.738024 0.010500 0.021707
20 0.536875 0.527695 0.019250 0.038174
20 0.239000 0.529379 0.037000 0.068488
20 0.334000 0.512725 0.032000 0.068114
20 0.531250 0.358907 0.012500 0.015719
20 0.550625 0.313436 0.029750 0.034057
20 0.460375 0.340007 0.020750 0.029566
20 0.352000 0.272081 0.125500 0.157934
20 0.257750 0.326534 0.019500 0.033308
20 0.293250 0.404004 0.022000 0.032560
20 0.330875 0.408121 0.039250 0.092440
20 0.181125 0.568301 0.028250 0.031063
20 0.131625 0.570734 0.036750 0.032186
20 0.169500 0.493451 0.012000 0.026572
20 0.216375 0.454903 0.015750 0.028069
20 0.161375 0.379304 0.013250 0.023578
20 0.032000 0.496257 0.058500 0.045659
20 0.420750 0.143151 0.032000 0.038548
20 0.608125 0.211826 0.042750 0.052395
20 0.208250 0.531624 0.018000 0.025075
20 0.157125 0.551647 0.008250 0.013473