20 0.524875 0.302582 0.017250 0.025823
20 0.047000 0.192552 0.023000 0.030314
20 0.045000 0.626497 0.013500 0.023204
20 0.016625 0.657373 0.018250 0.024326
20 0.008500 0.862650 0.009500 0.014222
20 0.590250 0.373877 0.009500 0.012725
20 0.663375 0.345060 0.042250 0.035928
20 0.741250 0.353855 0.011500 0.030314
20 0.797875 0.326347 0.017250 0.029940
20 0.778750 0.406250 0.015500 0.025823
20 0.722375 0.470996 0.008750 0.014596
20 0.740250 0.548091 0.011500 0.016093
20 0.781125 0.612088 0.010750 0.017590
20 0.798000 0.515719 0.011500 0.017216
20 0.602750 0.630052 0.009500 0.021332
20 0.569500 0.634356 0.014500 0.021707
20 0.625375 0.754678 0.008750 0.022829