20 0.266750 0.537238 0.010500 0.019835
20 0.384000 0.280314 0.022000 0.053144
20 0.347500 0.279004 0.010500 0.027320
20 0.437875 0.401198 0.020250 0.032934
20 0.387250 0.511415 0.011500 0.028817
20 0.365625 0.579716 0.018250 0.024701
20 0.369500 0.625187 0.014500 0.025823
20 0.479125 0.660180 0.022250 0.038922
20 0.489750 0.783496 0.014500 0.025823
20 0.528625 0.833832 0.028750 0.051647
20 0.507000 0.946108 0.026000 0.037425
20 0.535375 0.454528 0.015250 0.021332
20 0.566750 0.519274 0.024000 0.053518
20 0.595125 0.614147 0.017250 0.021707
20 0.643125 0.714259 0.028750 0.040045
20 0.696000 0.733720 0.027000 0.036302
20 0.752750 0.758795 0.038500 0.049027
20 0.793625 0.660367 0.060750 0.041542