20 0.178750 0.676834 0.034500 0.058757
20 0.038750 0.544536 0.026000 0.037425
20 0.373000 0.397642 0.032000 0.058009
20 0.476750 0.322792 0.029000 0.052021
20 0.476750 0.603481 0.027000 0.046033
20 0.500875 0.956961 0.028750 0.035928
20 0.212625 0.990269 0.020750 0.019461
20 0.915250 0.135666 0.042500 0.031811
20 0.881625 0.102545 0.019250 0.028443
20 0.799875 0.188249 0.028750 0.056138
20 0.825875 0.250936 0.017250 0.025823
20 0.180875 0.518338 0.036250 0.081587
20 0.173750 0.428518 0.040000 0.074850
20 0.166000 0.357410 0.031500 0.044162
20 0.208000 0.378743 0.031500 0.044162
20 0.190000 0.300524 0.023000 0.044910
20 0.325125 0.415045 0.049750 0.082335