20 0.463250 0.011228 0.034500 0.018713
20 0.450500 0.308383 0.032000 0.043413
20 0.634000 0.312126 0.019000 0.026946
20 0.611500 0.389222 0.014000 0.022455
20 0.600000 0.433383 0.023000 0.035928
20 0.679500 0.460329 0.018000 0.023952
20 0.571000 0.417665 0.019000 0.031437
20 0.510000 0.449102 0.015000 0.031437
20 0.460000 0.867515 0.015000 0.029940
20 0.491500 0.833084 0.012000 0.029940
20 0.531500 0.569611 0.016000 0.032934
20 0.557000 0.630988 0.017000 0.032934
20 0.578500 0.617515 0.012000 0.035928
20 0.617500 0.604042 0.014000 0.041916
20 0.615000 0.658683 0.013000 0.040419
20 0.649000 0.689371 0.011000 0.032934
20 0.647500 0.732784 0.018000 0.032934