20 0.971000 0.419910 0.015500 0.021707
20 0.961875 0.539296 0.014250 0.018713
20 0.252000 0.449102 0.033000 0.028443
20 0.328000 0.546407 0.025000 0.028443
20 0.311000 0.817365 0.027000 0.058383
20 0.452000 0.636976 0.029000 0.038922
20 0.499000 0.761228 0.021000 0.032934
20 0.744000 0.806886 0.025000 0.031437
20 0.836500 0.848054 0.022000 0.068862
20 0.830500 0.741766 0.014000 0.020958
20 0.738500 0.681886 0.012000 0.011976
20 0.731500 0.650449 0.026000 0.044910
20 0.780500 0.492515 0.032000 0.043413
20 0.788000 0.416168 0.037000 0.049401
20 0.603000 0.414671 0.019000 0.031437
20 0.606500 0.336078 0.034000 0.044910
20 0.585000 0.316617 0.021000 0.023952
20 0.557500 0.225299 0.024000 0.041916