20 0.733000 0.474551 0.027000 0.055389
20 0.719000 0.522455 0.029000 0.031437
20 0.778000 0.530689 0.063000 0.017964
20 0.743000 0.547904 0.019000 0.013473
20 0.747500 0.576347 0.014000 0.013473
20 0.778500 0.564371 0.016000 0.010479
20 0.717500 0.248503 0.020000 0.019461
20 0.573000 0.346557 0.017000 0.032934
20 0.572000 0.542665 0.015000 0.020958
20 0.626000 0.545659 0.015000 0.038922
20 0.674000 0.552395 0.013000 0.022455
20 0.661500 0.536677 0.016000 0.020958
20 0.353500 0.145958 0.016000 0.023952
20 0.170500 0.392964 0.014000 0.032934
20 0.127000 0.493263 0.025000 0.023952
20 0.122000 0.323353 0.019000 0.025449
20 0.035500 0.235030 0.018000 0.025449
20 0.189000 0.284431 0.013000 0.016467
20 0.192000 0.247754 0.019000 0.032934
20 0.183000 0.202844 0.023000 0.026946
20 0.262000 0.115269 0.041000 0.037425
20 0.309500 0.085329 0.020000 0.055389
20 0.552000 0.148204 0.015000 0.025449
20 0.566000 0.107036 0.011000 0.020958
20 0.531500 0.065120 0.012000 0.020958
20 0.432000 0.019461 0.021000 0.025449
20 0.413000 0.097305 0.019000 0.019461