20 0.346500 0.683383 0.026000 0.044910
20 0.332500 0.807635 0.018000 0.020958
20 0.605500 0.467814 0.016000 0.023952
20 0.721000 0.717066 0.019000 0.028443
20 0.699500 0.403443 0.030000 0.044910
20 0.653000 0.407186 0.029000 0.040419
20 0.609000 0.357784 0.029000 0.037425
20 0.556000 0.410180 0.031000 0.046407
20 0.685500 0.267216 0.054000 0.053892
20 0.387000 0.382485 0.025000 0.032934
20 0.351500 0.274701 0.018000 0.044910
20 0.313000 0.189371 0.041000 0.056886
20 0.301500 0.278443 0.018000 0.031437
20 0.267000 0.292665 0.025000 0.077844
20 0.356500 0.098054 0.054000 0.086826
20 0.409500 0.044910 0.050000 0.049401