20 0.455125 0.216130 0.029750 0.046033
20 0.613750 0.628743 0.041500 0.059132
20 0.410875 0.729416 0.020250 0.021707
20 0.408875 0.302582 0.043250 0.052021
20 0.559500 0.289671 0.013500 0.028443
20 0.422875 0.420659 0.017250 0.034431
20 0.332500 0.437313 0.036500 0.081961
20 0.292625 0.504117 0.025750 0.057635
20 0.739750 0.922343 0.039500 0.070734
20 0.750875 0.548840 0.019250 0.028817
20 0.739250 0.675524 0.011500 0.017216
20 0.813375 0.817927 0.019250 0.022829
20 0.359000 0.811377 0.012500 0.018713
20 0.488500 0.394461 0.014000 0.020958
20 0.513500 0.404192 0.016000 0.025449
20 0.504000 0.314371 0.009000 0.019461
20 0.231000 0.726048 0.017000 0.016467