20 0.285875 0.618638 0.016250 0.024701
20 0.341250 0.607036 0.048000 0.076347
20 0.463875 0.832335 0.079750 0.098054
20 0.754625 0.784244 0.059750 0.047530
20 0.716125 0.545846 0.021250 0.028817
20 0.762375 0.681886 0.030750 0.038922
20 0.611875 0.213323 0.033750 0.031437
20 0.540750 0.469686 0.010500 0.023204
20 0.534000 0.567365 0.012500 0.020210
20 0.491750 0.182448 0.010500 0.024326
20 0.351750 0.037051 0.013500 0.015719
20 0.556625 0.160180 0.032750 0.031437
20 0.741750 0.732972 0.014500 0.022829
20 0.414875 0.990269 0.014750 0.019461
20 0.006250 0.837949 0.012000 0.054641
20 0.144000 0.986527 0.017000 0.019461