21 0.950810 0.717593 0.039738 0.041667
21 0.974151 0.147280 0.051698 0.061921
21 0.150463 0.528356 0.028549 0.040509
21 0.201003 0.563368 0.058642 0.056134
21 0.187307 0.624711 0.022762 0.024884
21 0.245563 0.500289 0.086034 0.066551
21 0.317323 0.654514 0.021991 0.031250
21 0.341435 0.769676 0.020833 0.015046
21 0.373650 0.556424 0.027392 0.019097
21 0.322724 0.457176 0.030478 0.040509
21 0.336998 0.408854 0.023534 0.017940
21 0.371142 0.456308 0.032407 0.032986
21 0.411265 0.532118 0.021605 0.027199
21 0.829668 0.979456 0.018133 0.028356
21 0.609568 0.914931 0.018519 0.020833
21 0.624035 0.955729 0.019676 0.030671
21 0.735147 0.394676 0.008873 0.010417
21 0.860918 0.339120 0.008873 0.009259
21 0.727238 0.486690 0.030864 0.042824
21 0.480517 0.546875 0.027392 0.038194
21 0.632716 0.704282 0.017747 0.020833
21 0.594715 0.538773 0.020448 0.027778
21 0.508102 0.429688 0.021605 0.041088