21 0.188465 0.718461 0.036651 0.030671
21 0.256366 0.392940 0.028935 0.038194
21 0.266590 0.588252 0.040895 0.036458
21 0.378279 0.564815 0.034336 0.045139
21 0.467593 0.583333 0.054784 0.033565
21 0.524884 0.513310 0.025849 0.041667
21 0.994020 0.447917 0.011960 0.055556
21 0.607446 0.270833 0.045139 0.061343
21 0.726466 0.597801 0.025463 0.024306
21 0.585455 0.543981 0.033565 0.064815
21 0.621528 0.565394 0.020833 0.046296
21 0.675347 0.537326 0.027392 0.045718
21 0.690201 0.518808 0.013889 0.023727