21 0.807002 0.310185 0.014853 0.024306
21 0.701968 0.541667 0.012731 0.030671
21 0.295814 0.413918 0.017168 0.022859
21 0.243538 0.597367 0.018326 0.015336
21 0.212095 0.582755 0.010224 0.016782
21 0.172550 0.585938 0.020255 0.013889
21 0.186150 0.689381 0.027392 0.022859
21 0.219715 0.758681 0.029321 0.057870
21 0.248167 0.677951 0.009066 0.012153
21 0.250675 0.705440 0.016397 0.021412
21 0.201968 0.820457 0.006173 0.013600
21 0.431424 0.474826 0.026427 0.028935
21 0.458816 0.431424 0.014082 0.024306
21 0.514178 0.368200 0.023341 0.022859
21 0.530864 0.304109 0.018133 0.016782
21 0.541570 0.447338 0.017168 0.019676
21 0.511092 0.591291 0.013310 0.027488
21 0.480131 0.649884 0.020448 0.026042
21 0.561825 0.680266 0.021412 0.019676
21 0.247685 0.291233 0.024306 0.027488
21 0.280093 0.234086 0.024306 0.041088