21 0.240575 0.576554 0.010913 0.011574
21 0.270213 0.614749 0.022569 0.021825
21 0.243800 0.671627 0.006448 0.017196
21 0.266989 0.665840 0.007688 0.011574
21 0.232019 0.740575 0.017113 0.028770
21 0.148438 0.609623 0.009673 0.011574
21 0.163938 0.601025 0.006448 0.011574
21 0.159722 0.649306 0.010913 0.012897
21 0.142981 0.759259 0.007688 0.008598
21 0.278398 0.765046 0.015129 0.020172
21 0.271825 0.806713 0.019345 0.026124
21 0.226066 0.832672 0.007688 0.023148
21 0.385169 0.898810 0.019345 0.025794
21 0.559772 0.523479 0.023810 0.034392
21 0.676711 0.563823 0.027034 0.017196
21 0.762029 0.372520 0.016121 0.022817
21 0.614211 0.958333 0.014137 0.039021
21 0.724702 0.962632 0.019345 0.033069
21 0.729043 0.886409 0.021577 0.036045
21 0.769965 0.974868 0.028026 0.042989
21 0.881696 0.961971 0.018353 0.019841
20 0.607887 0.125661 0.011409 0.020503