21 0.021701 0.100694 0.015129 0.014220
21 0.311136 0.088459 0.016121 0.012897
21 0.047619 0.059028 0.010913 0.011574
21 0.297743 0.521329 0.015129 0.027447
21 0.287450 0.562335 0.011905 0.011574
21 0.200149 0.544312 0.013889 0.013228
21 0.393725 0.337963 0.008681 0.011243
21 0.477803 0.396991 0.019593 0.031415
21 0.631448 0.351521 0.013889 0.024471
21 0.620164 0.455026 0.015129 0.024471
21 0.514509 0.492560 0.010665 0.018849
21 0.614211 0.568783 0.009673 0.015873
21 0.742560 0.606151 0.013889 0.015873
21 0.786706 0.549272 0.011905 0.014550
21 0.794271 0.230159 0.022569 0.028439
21 0.913442 0.316468 0.019345 0.017196
21 0.498388 0.673611 0.022569 0.021164
21 0.326389 0.372189 0.015377 0.026124
21 0.348586 0.357970 0.018601 0.024802