20 0.335000 0.428892 0.013000 0.020958
20 0.437000 0.351048 0.019000 0.032934
20 0.443000 0.491766 0.013000 0.020958
20 0.536000 0.514970 0.059000 0.064371
20 0.590500 0.478293 0.016000 0.017964
20 0.604500 0.468563 0.010000 0.016467
20 0.481000 0.400449 0.013000 0.014970
20 0.541000 0.388473 0.017000 0.020958
20 0.523000 0.346557 0.013000 0.014970
20 0.558500 0.345060 0.016000 0.020958
20 0.533000 0.324850 0.019000 0.019461
20 0.543500 0.297156 0.014000 0.017964
20 0.545000 0.258982 0.017000 0.025449