21 0.259645 0.449363 0.013889 0.022569
21 0.453704 0.337384 0.016204 0.049769
21 0.711420 0.522280 0.021605 0.023727
21 0.643326 0.395544 0.011960 0.030671
21 0.703897 0.287616 0.017361 0.033565
21 0.768904 0.298900 0.024691 0.036458
21 0.819637 0.322049 0.015046 0.019097
21 0.859761 0.291667 0.020448 0.041667
21 0.847608 0.178241 0.016975 0.040509
21 0.984182 0.070602 0.016204 0.017361
21 0.989583 0.796875 0.020833 0.023148
21 0.358410 0.525174 0.024691 0.034144
21 0.375193 0.486690 0.016590 0.031250