20 0.289875 0.855352 0.027250 0.040045
20 0.302500 0.254678 0.017000 0.033308
20 0.580625 0.307448 0.016250 0.040045
20 0.697250 0.414296 0.017000 0.032186
20 0.612750 0.244012 0.019500 0.035928
20 0.662250 0.292852 0.008000 0.016093
20 0.263000 0.686564 0.027500 0.038548
20 0.309125 0.817365 0.024750 0.034431
20 0.338125 0.779566 0.021750 0.032934
20 0.478375 0.713136 0.010250 0.016093
20 0.511125 0.810442 0.035250 0.052769
20 0.458750 0.839446 0.051000 0.066617
20 0.245875 0.891654 0.036250 0.055015
20 0.250000 0.793975 0.015000 0.019087
20 0.318875 0.924775 0.019250 0.033683
20 0.363875 0.884918 0.037750 0.061751
20 0.355875 0.948353 0.040250 0.072605
20 0.309625 0.623503 0.017250 0.022455
20 0.113875 0.796781 0.025250 0.027695
20 0.121000 0.642403 0.019000 0.024326
20 0.138375 0.580464 0.020250 0.017964
20 0.268875 0.743263 0.010250 0.019461