20 0.637875 0.198166 0.045250 0.050524
20 0.706625 0.251497 0.015250 0.018713
20 0.607625 0.375936 0.017250 0.028817
20 0.716250 0.513660 0.025000 0.027320
20 0.734000 0.622754 0.033500 0.056138
20 0.887375 0.179079 0.225250 0.162051
20 0.291250 0.300524 0.036500 0.038922
20 0.320500 0.404192 0.026000 0.032934
20 0.308000 0.481849 0.051000 0.064746
20 0.387875 0.769648 0.018250 0.030314
20 0.381125 0.869760 0.033750 0.048653
20 0.482625 0.846744 0.019250 0.034805
20 0.673375 0.833832 0.029750 0.040419
20 0.712375 0.746819 0.028750 0.027320
20 0.983125 0.416916 0.031750 0.018713