20 0.418625 0.444237 0.035250 0.045659
20 0.507250 0.266841 0.019000 0.025449
20 0.599625 0.601048 0.035750 0.050898
20 0.446250 0.362463 0.034500 0.037799
20 0.410625 0.316055 0.024250 0.042290
20 0.345375 0.715195 0.024250 0.032186
20 0.324500 0.496632 0.031500 0.041168
20 0.592125 0.697231 0.025750 0.039671
20 0.395375 0.665606 0.017750 0.023578
20 0.547125 0.396145 0.017750 0.023578
20 0.435500 0.267590 0.011500 0.015719
20 0.496375 0.192740 0.020750 0.011228
20 0.499125 0.221183 0.020750 0.011228
20 0.591625 0.696482 0.025750 0.039671
20 0.717500 0.723054 0.018500 0.038174
20 0.673500 0.788922 0.075500 0.044162
20 0.777875 0.602358 0.020250 0.029566
20 0.809000 0.838885 0.025500 0.036302
20 0.729625 0.485030 0.025750 0.027695
20 0.804250 0.763847 0.023500 0.023204
20 0.944750 0.645397 0.043500 0.054266
20 0.971125 0.491392 0.042750 0.035180