20 0.062875 0.163735 0.104750 0.061751
20 0.035875 0.242141 0.020250 0.026198
20 0.285000 0.362275 0.014500 0.021707
20 0.351750 0.399701 0.013500 0.018713
20 0.402750 0.764034 0.029000 0.044536
20 0.558500 0.552957 0.013500 0.028817
20 0.560375 0.406999 0.032750 0.038548
20 0.641625 0.360217 0.033750 0.083458
20 0.569125 0.181699 0.028750 0.040045
20 0.598375 0.907934 0.033750 0.127994
20 0.567250 0.898578 0.011500 0.020210
20 0.539250 0.910741 0.021000 0.027320
20 0.595500 0.771894 0.020000 0.025823
20 0.652625 0.610591 0.019250 0.025823
20 0.735000 0.524326 0.014500 0.020210
20 0.873000 0.612837 0.013500 0.067740
20 0.823875 0.800711 0.013250 0.022829
20 0.659875 0.828031 0.008750 0.022829
20 0.909000 0.952657 0.016500 0.081961
20 0.856000 0.992515 0.014500 0.014970