20 0.023875 0.072231 0.026750 0.040419
20 0.093500 0.136415 0.026000 0.044536
23 0.050500 0.675150 0.032000 0.082335
23 0.088500 0.678144 0.026000 0.052395
20 0.360000 0.560629 0.017000 0.026946
20 0.266500 0.338323 0.020000 0.034431
20 0.344000 0.294162 0.021000 0.029940
20 0.024500 0.297156 0.048000 0.065868
20 0.548500 0.250749 0.022000 0.044910
20 0.434500 0.595808 0.046000 0.088323
20 0.419000 0.891467 0.027000 0.044910
20 0.624000 0.805389 0.063000 0.091317
20 0.690500 0.911677 0.016000 0.028443
20 0.803500 0.638473 0.072000 0.068862
20 0.646500 0.749251 0.030000 0.044910
20 0.589500 0.720060 0.024000 0.058383
20 0.666000 0.615269 0.033000 0.052395
20 0.719000 0.526946 0.037000 0.055389
20 0.828500 0.178892 0.026000 0.038922
20 0.490000 0.193114 0.013000 0.013473