21 0.208912 0.891204 0.025849 0.048611
21 0.921875 0.464410 0.018133 0.030671
21 0.961034 0.440394 0.027778 0.037037
21 0.950424 0.361400 0.025849 0.043403
21 0.171296 0.650752 0.013117 0.012153
21 0.190779 0.622685 0.015818 0.020833
21 0.195988 0.580440 0.020833 0.031250
21 0.245563 0.565394 0.011188 0.019676
21 0.264468 0.471065 0.022762 0.041667
21 0.298032 0.524016 0.018904 0.034144
21 0.340471 0.370949 0.008873 0.016204
21 0.446952 0.344618 0.015818 0.034144
21 0.499421 0.440683 0.015818 0.034144
21 0.389468 0.563368 0.027392 0.029514
21 0.444830 0.566262 0.017747 0.023727
21 0.499421 0.636863 0.015818 0.019097
21 0.420525 0.678241 0.024691 0.027778
21 0.356289 0.690683 0.012731 0.017940
21 0.641590 0.535012 0.017747 0.035301
21 0.780671 0.529803 0.015046 0.043403
21 0.722415 0.575231 0.022762 0.032407
21 0.800154 0.643519 0.017747 0.020833
21 0.756559 0.654514 0.013889 0.016204
21 0.700231 0.673032 0.017747 0.020833
21 0.660880 0.672454 0.024691 0.021991
21 0.670910 0.697338 0.027006 0.016204