21 0.227720 0.637297 0.022569 0.038484
21 0.171007 0.644531 0.016011 0.030382
21 0.182774 0.955584 0.050347 0.061053
21 0.196663 0.631655 0.018326 0.024306
21 0.189140 0.749855 0.011767 0.054688
21 0.300637 0.676649 0.058835 0.078993
21 0.487076 0.558594 0.041667 0.048322
21 0.590567 0.568866 0.070795 0.094907
21 0.482832 0.413773 0.016204 0.051505
21 0.553530 0.438657 0.076196 0.065972
21 0.713156 0.633247 0.028935 0.046586
21 0.789834 0.669560 0.036458 0.057870
21 0.653742 0.464410 0.021605 0.049769
21 0.555748 0.370370 0.024691 0.028935
21 0.522955 0.263455 0.047068 0.081887
21 0.608700 0.262731 0.066551 0.109375
21 0.732446 0.335069 0.067515 0.093171
21 0.771123 0.467593 0.016011 0.020833
21 0.326389 0.499132 0.027392 0.031829
21 0.363908 0.473235 0.055748 0.065683
23 0.365934 0.778501 0.043596 0.042535