21 0.281829 0.882523 0.023534 0.037037
21 0.371142 0.773727 0.020062 0.028935
21 0.404900 0.896123 0.021219 0.042245
21 0.432677 0.782118 0.023534 0.035301
21 0.454861 0.706597 0.016204 0.028935
21 0.512731 0.766493 0.022377 0.030671
21 0.154128 0.392650 0.011960 0.074653
21 0.198688 0.445891 0.013889 0.029514
21 0.217785 0.513600 0.016590 0.024884
21 0.245563 0.489873 0.015046 0.024884
21 0.300926 0.439236 0.014660 0.031250
21 0.315779 0.597512 0.026620 0.029514
21 0.368248 0.560185 0.018904 0.026620
21 0.371721 0.384549 0.009645 0.022569
21 0.322724 0.249421 0.020448 0.040509
21 0.339506 0.419850 0.016975 0.034144
21 0.378472 0.429688 0.017747 0.048032
21 0.460648 0.524595 0.020062 0.038773
21 0.497685 0.504051 0.010802 0.026620
21 0.485918 0.454282 0.018904 0.037037
21 0.542438 0.324942 0.020833 0.045718
21 0.538773 0.501736 0.023534 0.046296
21 0.528356 0.595197 0.012731 0.019097
21 0.579861 0.466146 0.030864 0.045718
21 0.617477 0.521701 0.015046 0.038773
21 0.618441 0.582465 0.016975 0.023727
21 0.656057 0.476562 0.016590 0.034144
21 0.741512 0.501736 0.017747 0.069444