21 0.476466 0.314091 0.039352 0.058160
21 0.233025 0.286169 0.022377 0.043403
21 0.240548 0.616319 0.024691 0.035301
21 0.450521 0.756944 0.031057 0.037037
21 0.481674 0.843895 0.009645 0.024016
21 0.412519 0.902633 0.027971 0.032118
21 0.448978 0.973958 0.047261 0.037037
21 0.507330 0.737703 0.039738 0.059317
21 0.550829 0.736979 0.017168 0.048032
21 0.482639 0.544850 0.009645 0.017940
21 0.512249 0.545718 0.036458 0.051505
21 0.541570 0.418692 0.050347 0.048032
21 0.585552 0.145399 0.037616 0.051215
21 0.598476 0.527199 0.016011 0.043403
21 0.738812 0.503906 0.020448 0.019387
21 0.703414 0.267506 0.031057 0.041956
21 0.748939 0.904948 0.021412 0.027488
21 0.724923 0.866319 0.039738 0.033565
21 0.874421 0.889757 0.019290 0.028935
21 0.598958 0.684751 0.012731 0.027488
21 0.458816 0.249421 0.012153 0.038194