21 0.813465 0.589988 0.023534 0.030671
21 0.684221 0.468461 0.011960 0.026042
21 0.630594 0.060185 0.011960 0.025463
21 0.496142 0.195023 0.016975 0.028935
21 0.545910 0.383391 0.011574 0.019097
21 0.776813 0.334201 0.012731 0.017940
21 0.404514 0.283854 0.009645 0.022569
21 0.361690 0.472512 0.009645 0.010995
21 0.114583 0.494792 0.013117 0.020833
21 0.021219 0.471644 0.010802 0.025463
21 0.130208 0.376736 0.020448 0.025463
21 0.179398 0.334491 0.020062 0.037037
21 0.487847 0.640336 0.018904 0.035301
21 0.540316 0.618924 0.016590 0.022569
21 0.535880 0.672454 0.010031 0.016204
21 0.420525 0.418692 0.010802 0.028356
21 0.124421 0.448206 0.008102 0.016782
21 0.559992 0.513021 0.022762 0.023727
21 0.599151 0.563947 0.011574 0.019097
21 0.566551 0.679688 0.019676 0.019097
21 0.539352 0.730035 0.013117 0.013310
21 0.556520 0.713831 0.011960 0.016782
21 0.628472 0.608507 0.020833 0.013310
21 0.627315 0.573495 0.010802 0.011574
21 0.647762 0.646123 0.013889 0.017940