21 0.575424 0.306134 0.012731 0.019676
21 0.744020 0.478009 0.022762 0.031250
21 0.681327 0.457755 0.023920 0.026620
21 0.676890 0.517940 0.030478 0.063657
21 0.647184 0.482350 0.008873 0.016782
21 0.708912 0.432870 0.023534 0.026620
21 0.745177 0.422454 0.008873 0.015046
21 0.730710 0.450521 0.017747 0.023727
21 0.556713 0.538773 0.010031 0.021991
21 0.481096 0.431134 0.028549 0.053241
21 0.508681 0.436343 0.018904 0.040509
21 0.521991 0.417245 0.011574 0.025463
21 0.419174 0.471354 0.051312 0.059606
21 0.351852 0.522280 0.011574 0.013310
21 0.379630 0.525463 0.027778 0.021991
21 0.378472 0.467593 0.013889 0.025463
21 0.349344 0.460069 0.012731 0.016204
21 0.314236 0.471065 0.009645 0.015046
21 0.391011 0.630787 0.028935 0.040509
21 0.408179 0.601852 0.027778 0.017361
21 0.476080 0.576389 0.014660 0.026620
21 0.497299 0.561053 0.013889 0.016782