21 0.218943 0.378472 0.035108 0.028935
21 0.389853 0.377604 0.025849 0.030671
21 0.387346 0.447627 0.016204 0.031829
21 0.424190 0.565972 0.025849 0.037037
21 0.456404 0.626736 0.013117 0.024306
21 0.665895 0.353588 0.035494 0.056713
21 0.701196 0.172743 0.015818 0.031829
21 0.747878 0.395255 0.008873 0.040509
21 0.820795 0.372106 0.017361 0.028935
21 0.837963 0.486111 0.030093 0.038194
21 0.784336 0.717593 0.021605 0.028935
21 0.745177 0.794850 0.022762 0.019097
21 0.973380 0.710359 0.027006 0.043403
21 0.676698 0.793113 0.024691 0.022569
21 0.163966 0.674479 0.017747 0.029514