20 0.026750 0.080838 0.029000 0.040419
20 0.160000 0.127058 0.026000 0.034805
20 0.193500 0.453031 0.012500 0.021332
20 0.335875 0.457335 0.027750 0.044910
20 0.265125 0.562313 0.019250 0.027320
20 0.348500 0.663174 0.024000 0.041916
20 0.447000 0.323540 0.023000 0.030314
20 0.410875 0.232036 0.020250 0.037425
20 0.384375 0.127058 0.030750 0.031811
20 0.550375 0.091692 0.016250 0.021707
20 0.718125 0.209768 0.017250 0.027320
20 0.600750 0.216879 0.014000 0.027320
20 0.579875 0.508046 0.013750 0.031063
20 0.706875 0.499626 0.016750 0.029192
20 0.735500 0.419723 0.012500 0.022829
20 0.736125 0.385853 0.011250 0.019461
20 0.715250 0.262163 0.016500 0.030314
20 0.799625 0.290606 0.017250 0.025075
20 0.825000 0.363960 0.018000 0.030314
20 0.813500 0.427957 0.017500 0.031063
20 0.808250 0.473802 0.019500 0.029192
20 0.748500 0.486714 0.012500 0.019835
20 0.827750 0.731475 0.026500 0.060254
20 0.797875 0.766841 0.016750 0.031437
20 0.746125 0.795846 0.013250 0.025075
20 0.825750 0.925898 0.025000 0.040419
20 0.872875 0.884169 0.021250 0.040045
20 0.927750 0.889783 0.015500 0.028817
20 0.800375 0.994012 0.013250 0.011976
20 0.218500 0.072231 0.012500 0.020210
20 0.465625 0.035741 0.056750 0.067740
20 0.814250 0.096183 0.009500 0.018713
20 0.858500 0.040045 0.013500 0.018713