20 0.406375 0.591692 0.011250 0.011976
20 0.729125 0.519274 0.029750 0.033308
20 0.803000 0.752058 0.022500 0.032560
20 0.738750 0.122006 0.016500 0.024701
20 0.462625 0.783683 0.009250 0.018713
20 0.370125 0.681699 0.014250 0.019087
20 0.374375 0.636228 0.021750 0.025449
20 0.373750 0.790232 0.026500 0.049775
20 0.496750 0.728293 0.032500 0.035180
20 0.488250 0.622193 0.048000 0.055015
20 0.541000 0.690120 0.032500 0.035180
20 0.440625 0.591317 0.012250 0.019461
20 0.435250 0.684319 0.023000 0.028069
20 0.299000 0.688810 0.019500 0.024326
20 0.301500 0.750374 0.018500 0.028443
20 0.238375 0.775823 0.020250 0.033683
20 0.341875 0.631924 0.014250 0.019087
20 0.712625 0.775075 0.014750 0.018713
20 0.704625 0.874064 0.015750 0.025075
20 0.748250 0.846744 0.017500 0.028069
20 0.806750 0.798653 0.013500 0.035928
20 0.830000 0.752246 0.025000 0.038922
20 0.725125 0.939558 0.014750 0.024326
20 0.742875 0.913361 0.011250 0.014596
20 0.795250 0.852545 0.010000 0.019461
20 0.899625 0.698915 0.018250 0.028069
20 0.893250 0.776385 0.023000 0.026572
20 0.846250 0.805576 0.036000 0.041542
20 0.830500 0.846557 0.051000 0.029192
20 0.910500 0.813623 0.023500 0.029940