20 0.592375 0.428331 0.050250 0.065494
20 0.787375 0.914484 0.019250 0.025823
20 0.655375 0.400262 0.013250 0.019087
20 0.430250 0.540793 0.016500 0.023952
20 0.502500 0.545284 0.010500 0.014970
20 0.532250 0.693488 0.010500 0.014970
20 0.514000 0.190120 0.030500 0.026198
20 0.404000 0.682635 0.011500 0.033683
20 0.701250 0.656063 0.025500 0.035928
20 0.490000 0.343376 0.024500 0.040045
20 0.579125 0.227545 0.018750 0.029192
20 0.657375 0.229603 0.015750 0.026572
20 0.425125 0.313623 0.022750 0.029192
20 0.469500 0.247380 0.017500 0.029940
20 0.479875 0.209394 0.014750 0.022081
20 0.443625 0.171781 0.010750 0.014222
20 0.404250 0.240831 0.008500 0.015344
20 0.428625 0.138473 0.017750 0.026198
20 0.402750 0.322043 0.013500 0.019087
20 0.390750 0.236714 0.008500 0.015344
20 0.400500 0.258421 0.008500 0.015344
20 0.450000 0.357223 0.008500 0.015344
20 0.639750 0.056886 0.016500 0.023952
20 0.553000 0.047343 0.016000 0.013847
20 0.323250 0.599177 0.028500 0.039671
20 0.339375 0.393338 0.013250 0.025449
20 0.329500 0.345060 0.013500 0.037425
20 0.310250 0.272642 0.012500 0.023578
20 0.218500 0.728293 0.028500 0.039671
20 0.241250 0.793600 0.026500 0.031063
20 0.223375 0.536677 0.013750 0.020958
20 0.805500 0.715943 0.007000 0.017216
20 0.862750 0.536115 0.009000 0.020584
20 0.864250 0.405127 0.018000 0.046033
20 0.708250 0.022455 0.061000 0.044162
20 0.430750 0.450225 0.013500 0.020958