21 0.487558 0.519097 0.090085 0.140046
21 0.153164 0.540799 0.032022 0.067708
21 0.117284 0.654225 0.033179 0.059606
21 0.217496 0.217593 0.027971 0.028935
21 0.214699 0.100260 0.048225 0.032118
21 0.395833 0.279659 0.033179 0.024016
21 0.994020 0.102865 0.011960 0.037326
21 0.922647 0.040943 0.012731 0.015914
21 0.938657 0.441117 0.019290 0.041956
21 0.975212 0.606771 0.021412 0.035301
21 0.982157 0.428385 0.035301 0.061053
21 0.994020 0.354311 0.011960 0.041956
21 0.506559 0.097801 0.014275 0.021412
21 0.595293 0.036892 0.011188 0.021123
21 0.298322 0.010995 0.026427 0.021412