20 0.358500 0.980539 0.032500 0.034431
20 0.150750 0.272455 0.038500 0.071856
20 0.216125 0.165232 0.021250 0.033308
20 0.280500 0.128743 0.018000 0.043413
20 0.249000 0.678144 0.035000 0.046407
20 0.398000 0.467066 0.021000 0.037425
20 0.421000 0.633982 0.029000 0.044910
20 0.423500 0.578593 0.056000 0.068862
20 0.407500 0.719311 0.018000 0.032934
20 0.446500 0.734281 0.016000 0.029940
20 0.461000 0.632485 0.015000 0.026946
20 0.520000 0.630240 0.031000 0.031437
20 0.560000 0.668413 0.039000 0.026946
20 0.768000 0.616018 0.017000 0.014970
20 0.845500 0.489521 0.046000 0.031437
20 0.758500 0.511976 0.034000 0.034431
20 0.731500 0.443862 0.038000 0.023952
20 0.685000 0.456587 0.035000 0.052395
20 0.571000 0.535180 0.031000 0.044910
20 0.611500 0.477545 0.042000 0.052395
20 0.603500 0.356287 0.038000 0.037425
20 0.534000 0.343563 0.037000 0.023952