21 0.074267 0.620081 0.048225 0.057292
21 0.199653 0.398438 0.011960 0.029514
21 0.224730 0.535590 0.015046 0.028356
21 0.266397 0.485532 0.018904 0.031250
21 0.219329 0.622685 0.009645 0.020833
21 0.300347 0.770833 0.011960 0.015046
21 0.433063 0.621817 0.025849 0.016782
21 0.368056 0.490451 0.010802 0.023727
21 0.392361 0.503183 0.017747 0.019097
21 0.237076 0.330150 0.011960 0.017940
21 0.269290 0.370370 0.010802 0.032407
21 0.328125 0.382234 0.011960 0.020255
21 0.509645 0.640914 0.018519 0.034144
21 0.638889 0.477720 0.027778 0.039931
21 0.558449 0.608507 0.015818 0.022569
21 0.511188 0.719618 0.027778 0.028356
21 0.581404 0.762731 0.023920 0.021991
21 0.635802 0.753762 0.020062 0.019097
21 0.655093 0.691551 0.016975 0.019676
21 0.649113 0.613715 0.018904 0.032986
21 0.696566 0.574363 0.016590 0.028356
21 0.749035 0.636574 0.011188 0.021991
21 0.641590 0.341435 0.027778 0.042824
21 0.691165 0.346644 0.019676 0.041667
21 0.665895 0.417245 0.016975 0.025463
21 0.698110 0.435764 0.021991 0.026620
21 0.038387 0.596644 0.011960 0.013889