21 0.531126 0.191303 0.022569 0.034722
21 0.627604 0.191964 0.021577 0.021495
21 0.667287 0.009590 0.009177 0.018519
21 0.304563 0.366071 0.013889 0.015873
21 0.251240 0.459491 0.010913 0.015542
21 0.311880 0.411541 0.009177 0.024802
21 0.235491 0.431548 0.009177 0.009921
21 0.347098 0.443122 0.015625 0.016534
21 0.346478 0.399802 0.012401 0.020503
21 0.319692 0.482474 0.008433 0.017857
21 0.379092 0.589286 0.011161 0.011243
21 0.413194 0.568618 0.011409 0.022156
21 0.440104 0.470073 0.015625 0.023479
21 0.530010 0.539021 0.015377 0.015212
21 0.600694 0.442626 0.012401 0.026124
21 0.627108 0.543981 0.013641 0.016534
21 0.646701 0.571429 0.015625 0.019180
21 0.696429 0.531415 0.013393 0.016534
21 0.761905 0.528108 0.014385 0.017857
21 0.761409 0.581680 0.011409 0.017857
21 0.671999 0.350198 0.018601 0.034392
21 0.673611 0.410880 0.011409 0.018188
21 0.712426 0.408234 0.018601 0.040013
21 0.746032 0.423280 0.013393 0.034392
21 0.787698 0.371693 0.012401 0.019180