21 0.215181 0.492188 0.221258 0.298611
21 0.073495 0.311777 0.047840 0.095775
21 0.121238 0.278935 0.045718 0.070023
21 0.076003 0.370515 0.032407 0.042535
21 0.163870 0.223524 0.031443 0.059317
20 0.229360 0.710793 0.038580 0.044271
21 0.019194 0.712384 0.016397 0.026042
21 0.252701 0.632378 0.014275 0.018229
21 0.275463 0.615596 0.011188 0.021123
21 0.450714 0.639178 0.018326 0.016782
21 0.397377 0.621672 0.025463 0.051794
21 0.407986 0.927807 0.014275 0.021123
21 0.425251 0.943866 0.018326 0.019676
21 0.559799 0.936198 0.013117 0.025752
21 0.535976 0.818866 0.016397 0.028935
21 0.570988 0.749711 0.009259 0.021412
21 0.533854 0.717737 0.012153 0.015336
21 0.550154 0.672743 0.030478 0.031829
21 0.464410 0.786169 0.017168 0.018519
21 0.419657 0.553241 0.023341 0.024306
21 0.351177 0.534144 0.024498 0.038194
21 0.391300 0.428241 0.017168 0.021412
21 0.390239 0.460214 0.019290 0.030382
21 0.442033 0.472367 0.037616 0.027488
21 0.485725 0.435909 0.017361 0.033275
21 0.503954 0.418403 0.017168 0.031829
21 0.493248 0.604167 0.022377 0.026042
21 0.527392 0.631655 0.033565 0.019676
21 0.554784 0.614873 0.019290 0.028935
21 0.679109 0.447338 0.020255 0.031829
21 0.607060 0.534867 0.032407 0.027488
21 0.536458 0.353588 0.064043 0.070023
21 0.526813 0.298756 0.024306 0.030382
21 0.320216 0.230324 0.021219 0.045718
21 0.648630 0.672020 0.040702 0.088252
21 0.683642 0.551649 0.019290 0.027488
21 0.833430 0.803675 0.042631 0.062211
21 0.829379 0.872251 0.050733 0.053530