21 0.350309 0.485532 0.016975 0.031250
21 0.345486 0.704861 0.012731 0.016204
21 0.195988 0.785880 0.010802 0.017361
21 0.126929 0.695312 0.010802 0.014468
21 0.321759 0.201968 0.014660 0.021991
21 0.260417 0.150752 0.014660 0.020255
21 0.422261 0.198206 0.015818 0.023727
21 0.385031 0.082465 0.010802 0.017940
21 0.368056 0.066840 0.010802 0.016782
21 0.652585 0.037326 0.021991 0.024884
21 0.675347 0.035880 0.018133 0.016204
21 0.615548 0.195312 0.012731 0.017940
21 0.648534 0.222801 0.013889 0.025463
21 0.627894 0.322049 0.013503 0.022569
21 0.595679 0.231771 0.006944 0.013310
21 0.570023 0.323495 0.008873 0.016204
21 0.515625 0.500000 0.011188 0.016204
21 0.614583 0.513600 0.020833 0.028356
21 0.614583 0.414641 0.013117 0.023727
21 0.681713 0.456308 0.014660 0.029514
21 0.773920 0.371238 0.010802 0.013310
21 0.812886 0.377604 0.011574 0.023727
21 0.929012 0.438657 0.020833 0.032407
21 0.780285 0.523148 0.011960 0.015046
21 0.669560 0.541088 0.011960 0.015046
21 0.667824 0.578704 0.010802 0.016204
21 0.625386 0.633102 0.014660 0.020833
21 0.687114 0.566262 0.017747 0.017940
21 0.750965 0.610822 0.012731 0.017940
21 0.781250 0.731771 0.011574 0.013310
21 0.822338 0.815394 0.015046 0.026620
21 0.790509 0.598669 0.014660 0.023727
21 0.837577 0.570602 0.006173 0.015046
21 0.877701 0.611400 0.014660 0.022569
21 0.880015 0.563947 0.010031 0.019097
21 0.902392 0.598090 0.010802 0.019097
21 0.906829 0.708623 0.011960 0.017940