20 0.183000 0.395584 0.035500 0.056138
20 0.221500 0.270210 0.037500 0.038922
20 0.354250 0.188249 0.074000 0.099551
20 0.315750 0.266654 0.037500 0.063249
20 0.410500 0.267403 0.036500 0.050524
20 0.466125 0.179641 0.080750 0.133982
20 0.542625 0.194611 0.047250 0.074850
20 0.683000 0.237837 0.122000 0.126871
20 0.715250 0.313436 0.032500 0.036302
20 0.802750 0.415045 0.073000 0.095060
20 0.720125 0.477358 0.032750 0.047530
20 0.838375 0.517216 0.032750 0.040419
20 0.782000 0.776198 0.062500 0.071856
20 0.476375 0.688436 0.043250 0.063249
20 0.203750 0.817927 0.040500 0.028817