20 0.983125 0.905501 0.033750 0.031063
20 0.988875 0.809319 0.022250 0.049027
20 0.943625 0.866205 0.027750 0.024326
20 0.245125 0.955277 0.019250 0.027320
20 0.903500 0.035180 0.024000 0.053892
20 0.269000 0.233533 0.025000 0.034431
20 0.308000 0.410928 0.019000 0.029940
20 0.233500 0.485030 0.012000 0.037425
20 0.350500 0.720060 0.016000 0.037425
20 0.443000 0.810629 0.025000 0.026946
20 0.490000 0.807635 0.045000 0.032934
20 0.521500 0.679641 0.020000 0.028443
20 0.481500 0.721557 0.014000 0.028443
20 0.667500 0.704341 0.014000 0.017964
20 0.643500 0.791168 0.020000 0.023952
20 0.559000 0.750000 0.053000 0.094311
20 0.539000 0.651198 0.015000 0.019461
20 0.474500 0.648952 0.028000 0.026946
20 0.499000 0.551647 0.031000 0.041916
20 0.432500 0.531437 0.032000 0.043413
20 0.505000 0.480539 0.023000 0.043413
20 0.625500 0.552395 0.034000 0.022455
20 0.641000 0.604790 0.013000 0.019461
20 0.722000 0.572605 0.079000 0.047904
20 0.764500 0.508234 0.012000 0.014970
20 0.778000 0.434880 0.043000 0.059880
20 0.805500 0.336078 0.018000 0.029940
20 0.715500 0.312126 0.020000 0.029940
20 0.745500 0.135479 0.024000 0.029940
20 0.643000 0.160180 0.021000 0.034431
20 0.546000 0.141467 0.017000 0.026946
20 0.553500 0.214072 0.020000 0.031437
20 0.503000 0.285180 0.019000 0.026946
20 0.460000 0.350299 0.041000 0.058383
20 0.384000 0.444611 0.025000 0.040419
20 0.450000 0.044910 0.021000 0.028443
20 0.383000 0.079341 0.021000 0.025449
20 0.480000 0.039671 0.025000 0.035928
20 0.520750 0.015531 0.014500 0.030314
20 0.343500 0.213323 0.014000 0.014970
20 0.334500 0.241766 0.014000 0.017964
20 0.374000 0.267964 0.023000 0.034431
20 0.397500 0.276198 0.016000 0.023952
20 0.951000 0.944611 0.017000 0.016467
20 0.875000 0.977545 0.025000 0.022455
20 0.846000 0.961078 0.019000 0.016467
20 0.898000 0.091317 0.011000 0.022455
20 0.895500 0.115269 0.012000 0.016467
20 0.881500 0.131737 0.014000 0.016467
20 0.891000 0.157186 0.011000 0.022455
20 0.856000 0.164671 0.015000 0.031437