20 0.609125 0.708645 0.033250 0.040793
20 0.207000 0.237837 0.022000 0.031811
20 0.379125 0.066617 0.099250 0.132485
20 0.080125 0.416916 0.018250 0.035928
20 0.561750 0.993825 0.020500 0.012350
20 0.692500 0.370696 0.031500 0.046781
20 0.817375 0.624439 0.033250 0.040793
20 0.580125 0.893525 0.022250 0.040793
20 0.738875 0.702470 0.063750 0.068862
20 0.687250 0.549027 0.016000 0.023952
20 0.725250 0.589259 0.023500 0.034805
20 0.556125 0.581587 0.026750 0.041916
20 0.558375 0.340756 0.023750 0.040045
20 0.594500 0.519461 0.040500 0.050898
20 0.598875 0.459019 0.017750 0.027320
20 0.617750 0.294910 0.014500 0.026198
20 0.814750 0.464259 0.015000 0.021332
20 0.732500 0.349364 0.018000 0.025075
20 0.636500 0.235404 0.013000 0.019461
20 0.804125 0.657747 0.024250 0.024326
20 0.832625 0.670846 0.017250 0.016093
20 0.875500 0.694049 0.066500 0.058009
20 0.776875 0.825786 0.022250 0.040045