21 0.748760 0.497520 0.024802 0.028770
21 0.685764 0.798115 0.012897 0.022817
21 0.775794 0.922454 0.022817 0.015542
21 0.570312 0.982143 0.015129 0.014550
21 0.044147 0.139716 0.010913 0.020172
21 0.309772 0.666336 0.005952 0.009259
21 0.352183 0.532903 0.021825 0.022156
21 0.382688 0.595403 0.020833 0.026124
21 0.467386 0.582341 0.041419 0.030423
21 0.524802 0.492229 0.021825 0.037368
21 0.595610 0.304067 0.020585 0.027447
21 0.390501 0.346892 0.030010 0.052249
21 0.442584 0.382606 0.016617 0.027778
21 0.466890 0.216601 0.021577 0.031746
21 0.375372 0.243386 0.018601 0.033069