21 0.666992 0.760272 0.018446 0.065104
21 0.525391 0.824653 0.030382 0.017361
21 0.568251 0.784867 0.016276 0.018808
21 0.090820 0.387008 0.014106 0.021701
21 0.259006 0.344184 0.060981 0.030382
21 0.222331 0.462674 0.072266 0.035880
21 0.278646 0.480613 0.027778 0.027778
21 0.350477 0.420718 0.041233 0.061921
21 0.410916 0.557726 0.034071 0.041377
21 0.461589 0.562500 0.046441 0.053819
21 0.469835 0.370370 0.038194 0.060764
21 0.547852 0.440683 0.037109 0.060764
21 0.562391 0.333767 0.074436 0.128183
21 0.628472 0.432292 0.029080 0.057870
21 0.687391 0.448929 0.037109 0.049479
21 0.546875 0.599103 0.029080 0.063368
21 0.570095 0.547309 0.023872 0.045428
21 0.626953 0.575087 0.044271 0.045428
21 0.663086 0.614873 0.058811 0.053819