20 0.318625 0.340195 0.010250 0.019461
20 0.798125 0.586265 0.052750 0.046781
20 0.553500 0.246445 0.027500 0.034805
20 0.913375 0.176834 0.017250 0.027320
20 0.953250 0.199663 0.014500 0.021332
20 0.983500 0.200412 0.013500 0.019835
20 0.968125 0.117702 0.011750 0.016093
20 0.324000 0.391654 0.005500 0.014596
20 0.310625 0.384731 0.010250 0.019461
20 0.353500 0.407373 0.013500 0.019835
20 0.318500 0.458832 0.018500 0.044910
20 0.334875 0.491766 0.014250 0.030689
20 0.334750 0.541355 0.011000 0.025075
20 0.366375 0.527695 0.010250 0.019461
20 0.424375 0.536677 0.010250 0.019461
20 0.346125 0.456400 0.017250 0.048278
20 0.557000 0.536677 0.015500 0.025449
20 0.324500 0.498316 0.007000 0.015344
20 0.614125 0.469311 0.030750 0.052395
20 0.558625 0.458271 0.014750 0.024326
20 0.590125 0.390531 0.017250 0.028817
20 0.644500 0.474551 0.021000 0.035180
20 0.637125 0.418226 0.018250 0.026572
20 0.522750 0.437500 0.014000 0.016467
20 0.652250 0.610778 0.031500 0.047156
20 0.680875 0.534431 0.026750 0.042665
20 0.515375 0.407934 0.037250 0.030689
20 0.586000 0.514783 0.018000 0.023578
20 0.609125 0.552957 0.015750 0.027320
20 0.483750 0.416168 0.015500 0.019461
20 0.618750 0.397455 0.012500 0.017216
20 0.647875 0.514222 0.019250 0.023952
20 0.549500 0.205651 0.023000 0.034057