20 0.338750 0.113960 0.036500 0.039296
20 0.158375 0.274701 0.030250 0.076347
20 0.338250 0.113211 0.036500 0.039296
20 0.337750 0.112463 0.036500 0.039296
20 0.500375 0.770022 0.015750 0.022829
20 0.314875 0.609469 0.030250 0.070734
20 0.376500 0.530127 0.019000 0.027320
20 0.318625 0.516467 0.020750 0.054641
20 0.532625 0.780689 0.017250 0.019461
20 0.422250 0.567740 0.021500 0.029192
20 0.183250 0.407934 0.018500 0.026198
20 0.171250 0.441804 0.013000 0.019087
20 0.243500 0.583271 0.013000 0.019087
20 0.239250 0.601984 0.013000 0.019087
20 0.313000 0.464259 0.013000 0.019087
20 0.358250 0.398391 0.013000 0.019087
20 0.439250 0.476984 0.010500 0.016841
20 0.559250 0.667852 0.016500 0.022081
20 0.547375 0.627433 0.026750 0.022081
20 0.576625 0.775262 0.014250 0.023578
20 0.463500 0.732784 0.016500 0.016467
20 0.385125 0.676460 0.010250 0.010105
20 0.438125 0.790232 0.020250 0.021332
20 0.340750 0.577844 0.008500 0.014222
20 0.346000 0.598054 0.008500 0.014222
20 0.327125 0.690120 0.012250 0.026946
20 0.301750 0.708271 0.011500 0.018338