20 0.422000 0.516093 0.021500 0.034431
20 0.960875 0.628555 0.033750 0.061751
20 0.898375 0.803518 0.016250 0.020210
20 0.905125 0.509918 0.022250 0.031811
20 0.965250 0.345808 0.023000 0.014222
20 0.879625 0.298278 0.015250 0.014222
20 0.828750 0.129117 0.065500 0.059132
20 0.601750 0.042103 0.013500 0.019835
20 0.740250 0.802208 0.034000 0.030314
20 0.165875 0.613398 0.020250 0.021707
20 0.306750 0.321856 0.018000 0.029192
20 0.300875 0.288922 0.026250 0.024701
20 0.455125 0.398204 0.022250 0.035928
20 0.415000 0.386976 0.046000 0.087575
20 0.378250 0.438436 0.013000 0.025075
20 0.368375 0.390906 0.036250 0.053518
20 0.553875 0.534805 0.019250 0.032186
20 0.525500 0.520584 0.016500 0.028443
20 0.272750 0.390906 0.014000 0.022829
20 0.496875 0.796594 0.031250 0.030314
20 0.290375 0.751684 0.028750 0.026572
20 0.560875 0.596557 0.035750 0.041168
20 0.449625 0.712201 0.027750 0.047156
20 0.609750 0.404940 0.015000 0.021707
20 0.629750 0.512350 0.013500 0.022455
20 0.600125 0.460329 0.065250 0.077844
20 0.537875 0.487275 0.013250 0.023204
20 0.298250 0.645022 0.013500 0.017590
20 0.455125 0.306699 0.012750 0.023578
20 0.312000 0.364895 0.015000 0.020958
20 0.750625 0.765531 0.028250 0.033308
20 0.667375 0.809319 0.060750 0.038548
20 0.792875 0.473054 0.019750 0.020210
20 0.681750 0.591692 0.021500 0.034431
20 0.449250 0.897642 0.029500 0.048278
20 0.340000 0.911302 0.033000 0.042665
20 0.214750 0.607597 0.021500 0.023578
20 0.775625 0.752246 0.029250 0.032934
20 0.829125 0.720996 0.053250 0.044536
20 0.862250 0.710891 0.019500 0.025823
20 0.731250 0.364708 0.013500 0.019835
20 0.471000 0.369948 0.017000 0.028069