20 0.643125 0.596931 0.021250 0.113772
20 0.371000 0.812126 0.021000 0.031437
20 0.342625 0.832335 0.018250 0.031437
20 0.417250 0.943114 0.011500 0.034431
20 0.462750 0.520771 0.014500 0.027320
20 0.379250 0.504865 0.010500 0.024701
20 0.255125 0.626497 0.020250 0.026198
20 0.369125 0.620696 0.019250 0.022829
20 0.254750 0.711452 0.013500 0.014222
20 0.759375 0.864708 0.017250 0.030314
20 0.668625 0.855352 0.008750 0.019835
20 0.320000 0.319985 0.011500 0.020210
20 0.695000 0.481849 0.011500 0.016093
20 0.225875 0.640344 0.021250 0.056138
20 0.129125 0.139970 0.070250 0.048653
20 0.141250 0.055763 0.034500 0.035928
20 0.124750 0.007485 0.010000 0.014222
20 0.065250 0.623690 0.011500 0.014596
20 0.099875 0.693488 0.015250 0.012725
20 0.491750 0.651759 0.010500 0.013099
20 0.408125 0.730913 0.006750 0.015719
20 0.168125 0.946108 0.013250 0.017216
20 0.407500 0.088885 0.038500 0.058757