21 0.621046 0.868779 0.069637 0.131655
21 0.514468 0.977141 0.023534 0.043403
21 0.245949 0.978154 0.018133 0.038484
21 0.504823 0.832610 0.023534 0.030382
21 0.649498 0.948206 0.010802 0.014468
21 0.631173 0.974826 0.019290 0.016204
21 0.725502 0.961227 0.010802 0.024306
21 0.858893 0.922598 0.031057 0.065683
21 0.711613 0.786748 0.027778 0.041667
21 0.769483 0.826968 0.015046 0.032407
21 0.899691 0.586661 0.037423 0.052951
21 0.867573 0.696759 0.020255 0.045139
21 0.978395 0.826100 0.038580 0.065972
21 0.930748 0.330150 0.041667 0.051505
21 0.768904 0.363137 0.039738 0.088542
21 0.817708 0.510272 0.015046 0.022280
21 0.505305 0.012731 0.020255 0.020833
21 0.285108 0.671152 0.038580 0.056424
21 0.318191 0.617911 0.035687 0.041377
21 0.338542 0.511285 0.064043 0.074653
21 0.396412 0.441985 0.041667 0.066840
21 0.468461 0.463397 0.039545 0.073206
21 0.488233 0.508247 0.050926 0.062211
21 0.527874 0.452691 0.036458 0.066840