21 0.037519 0.200810 0.017168 0.030671
21 0.003279 0.175203 0.006173 0.020544
21 0.355324 0.098669 0.013889 0.022569
21 0.079572 0.345341 0.013310 0.022859
21 0.080054 0.394097 0.022377 0.038194
21 0.204958 0.931568 0.018326 0.035012
21 0.170910 0.751157 0.027392 0.018519
21 0.095390 0.675058 0.012153 0.021412
21 0.114680 0.630787 0.012153 0.012153
21 0.317612 0.723814 0.026427 0.042535
21 0.410108 0.384838 0.014275 0.031829
21 0.413580 0.349103 0.017361 0.015336
21 0.447145 0.432002 0.017361 0.028935
21 0.529803 0.548611 0.018326 0.021412
21 0.489776 0.545573 0.013117 0.018229
21 0.492284 0.463397 0.010031 0.018229
21 0.597415 0.610388 0.017361 0.022859
21 0.564333 0.716869 0.020255 0.022859
21 0.881173 0.333912 0.018133 0.033565
21 0.824267 0.414497 0.014275 0.027488
21 0.852720 0.270689 0.022184 0.022859
21 0.907504 0.282841 0.012153 0.013600
21 0.906539 0.314815 0.010224 0.016782
21 0.922261 0.372685 0.009259 0.013889
21 0.919753 0.415365 0.010031 0.019965
21 0.958333 0.433738 0.022377 0.028935
21 0.990741 0.424479 0.008102 0.013889
21 0.921779 0.245660 0.024498 0.033565
21 0.937500 0.188368 0.051698 0.062500
21 0.974055 0.276042 0.015239 0.021412
21 0.958816 0.298032 0.007137 0.016782
21 0.950714 0.264612 0.015239 0.025752
21 0.168403 0.053675 0.010031 0.015336
21 0.195312 0.121528 0.017168 0.041088