21 0.071856 0.396123 0.017168 0.074074
21 0.214892 0.900897 0.086806 0.112558
21 0.266300 0.759404 0.054591 0.154225
21 0.053627 0.528067 0.025849 0.035301
21 0.402971 0.551215 0.034336 0.059606
21 0.420042 0.657263 0.059992 0.046586
21 0.445795 0.401910 0.049383 0.072338
21 0.547164 0.522280 0.035301 0.078704
21 0.448495 0.962818 0.039738 0.036748
21 0.549769 0.808449 0.027778 0.049769
21 0.638792 0.749711 0.051505 0.051505
21 0.765143 0.449219 0.017168 0.025752
21 0.771605 0.602720 0.027778 0.033565
21 0.856289 0.150174 0.038580 0.041667
21 0.844425 0.064091 0.040702 0.040220
21 0.752894 0.124566 0.043981 0.038484
21 0.343557 0.089120 0.082562 0.099537
21 0.462963 0.134983 0.027778 0.046586
21 0.423900 0.238715 0.020255 0.028935
21 0.303337 0.605179 0.027971 0.044850
21 0.408372 0.052083 0.015046 0.022569
21 0.103974 0.079427 0.021605 0.038484
21 0.105324 0.007668 0.027392 0.014757
21 0.923804 0.708767 0.038580 0.069155
21 0.966146 0.777922 0.039545 0.091725
21 0.925347 0.875145 0.024691 0.038484
21 0.515432 0.927373 0.034336 0.072338
21 0.984954 0.667824 0.019290 0.048032
21 0.130691 0.426649 0.017168 0.025752
21 0.036844 0.841435 0.015432 0.023148
21 0.181520 0.973814 0.030864 0.036169