20 0.156625 0.261976 0.013250 0.015719
20 0.161750 0.191055 0.010500 0.013847
20 0.295375 0.205464 0.011750 0.018713
20 0.449375 0.064371 0.026250 0.024701
20 0.485875 0.107410 0.013750 0.021707
20 0.470500 0.124439 0.014500 0.026572
20 0.480000 0.313810 0.016500 0.026572
20 0.659625 0.175711 0.013750 0.022829
20 0.755250 0.375187 0.014500 0.023578
20 0.645375 0.378743 0.019750 0.028443
20 0.729625 0.456025 0.022250 0.029566
20 0.507875 0.419162 0.017250 0.024701
20 0.536500 0.447605 0.019000 0.036677
20 0.519750 0.491018 0.017000 0.028443
20 0.606875 0.468750 0.028250 0.039296
20 0.698625 0.500936 0.015750 0.020584
20 0.697750 0.604790 0.016500 0.025449
20 0.380500 0.652507 0.016500 0.016841
20 0.215875 0.685067 0.015750 0.020584
20 0.127250 0.689371 0.008500 0.015719
20 0.626375 0.447979 0.017250 0.021707
20 0.985000 0.749626 0.012500 0.018713