20 0.537375 0.358346 0.028250 0.031811
20 0.114375 0.068862 0.019250 0.014970
20 0.462125 0.389222 0.020250 0.029192
20 0.431500 0.358907 0.014000 0.015719
20 0.469000 0.568114 0.019500 0.029192
20 0.591625 0.596744 0.022250 0.032560
20 0.438250 0.425337 0.022500 0.028817
20 0.417375 0.581213 0.014250 0.024701
20 0.455750 0.598990 0.021000 0.028069
20 0.480500 0.645397 0.019000 0.029566
20 0.462375 0.686939 0.013750 0.025075
20 0.435000 0.674214 0.020000 0.028817
20 0.455125 0.719873 0.014750 0.028817
20 0.575250 0.811751 0.011500 0.017964
20 0.547250 0.751871 0.025500 0.078593
20 0.501375 0.740831 0.008750 0.012350
20 0.415500 0.729042 0.031500 0.029940
20 0.515250 0.828031 0.029500 0.068488
20 0.476000 0.840756 0.024500 0.038548
20 0.510375 0.880427 0.022250 0.013099
20 0.144250 0.059880 0.016500 0.020958
20 0.153500 0.038922 0.013000 0.019461