20 0.449375 0.367515 0.031750 0.037425
20 0.586375 0.547343 0.019250 0.019835
20 0.194500 0.021894 0.026000 0.025823
20 0.607000 0.366018 0.015000 0.026946
20 0.571500 0.284431 0.020000 0.016467
20 0.602500 0.285180 0.014000 0.014970
20 0.620000 0.300898 0.021000 0.013473
20 0.609500 0.413922 0.014000 0.020958
20 0.637500 0.378743 0.022000 0.040419
20 0.627500 0.439371 0.030000 0.050898
20 0.654500 0.329341 0.018000 0.016467
20 0.788000 0.652695 0.065000 0.037425
20 0.711000 0.663174 0.029000 0.040419
20 0.820500 0.773952 0.014000 0.031437
20 0.763500 0.715569 0.018000 0.028443
20 0.907500 0.771707 0.026000 0.041916
20 0.937000 0.704341 0.015000 0.035928
20 0.858500 0.641467 0.044000 0.035928
20 0.915500 0.624251 0.042000 0.013473
20 0.963500 0.622006 0.048000 0.050898