21 0.469715 0.713542 0.015818 0.024306
21 0.790123 0.573785 0.016204 0.036458
21 0.819059 0.433160 0.011574 0.022569
21 0.677083 0.266782 0.027778 0.049769
21 0.636960 0.386574 0.011574 0.009259
21 0.731674 0.372975 0.015046 0.017940
21 0.431520 0.383102 0.005015 0.010417
21 0.193094 0.423032 0.011188 0.021991
21 0.842014 0.578993 0.015046 0.019097
21 0.853395 0.587674 0.007716 0.013310
21 0.724344 0.547743 0.008873 0.013310
21 0.705633 0.552083 0.006944 0.019676
21 0.417631 0.483218 0.012731 0.020833
21 0.394483 0.497975 0.011960 0.020255
21 0.434992 0.647859 0.011960 0.017940
21 0.302855 0.558160 0.016975 0.028356
21 0.334105 0.446759 0.007716 0.010417
21 0.268904 0.284144 0.010031 0.011574
21 0.234568 0.316840 0.006944 0.008681
21 0.267747 0.463252 0.013889 0.013310
21 0.298997 0.453993 0.016975 0.019097
21 0.237076 0.530382 0.015818 0.017940
21 0.205440 0.601852 0.015818 0.017361
21 0.174383 0.468461 0.010802 0.017940
21 0.227238 0.480035 0.016204 0.023727