21 0.447724 0.915509 0.023534 0.028935
21 0.092593 0.418403 0.016204 0.025463
21 0.020062 0.708044 0.008488 0.015625
21 0.096258 0.902488 0.017361 0.026042
21 0.102238 0.968461 0.013889 0.022569
21 0.227238 0.571181 0.017747 0.031250
21 0.242091 0.526042 0.018133 0.035880
21 0.305941 0.591435 0.013117 0.026620
21 0.343557 0.651620 0.015046 0.025463
21 0.367091 0.620370 0.012731 0.019676
21 0.419174 0.563947 0.015818 0.028356
21 0.492863 0.689525 0.022762 0.017940
21 0.519483 0.648727 0.016590 0.025463
21 0.449267 0.540220 0.015046 0.034144
21 0.483989 0.541667 0.012731 0.027778
21 0.474537 0.502604 0.007716 0.017940
21 0.462191 0.370370 0.010802 0.026620
21 0.600694 0.442419 0.014660 0.034144
21 0.579282 0.604745 0.019676 0.035880
21 0.594715 0.583044 0.011188 0.013310
21 0.568094 0.556713 0.012731 0.016204
21 0.620370 0.578993 0.016975 0.028356
21 0.635224 0.549190 0.018904 0.021991
21 0.663387 0.640914 0.011960 0.013310
21 0.718943 0.620370 0.019676 0.019676
21 0.730710 0.570891 0.027778 0.044560
21 0.679205 0.555845 0.015818 0.020255
21 0.679784 0.587095 0.010802 0.017940