21 0.291474 0.665365 0.077160 0.062789
21 0.228299 0.710359 0.029900 0.027199
21 0.333912 0.401910 0.048225 0.072338
21 0.402971 0.353588 0.053627 0.065972
21 0.407311 0.300492 0.036458 0.030382
21 0.476852 0.585793 0.038580 0.038484
21 0.603299 0.807726 0.036458 0.038484
21 0.541184 0.576244 0.021412 0.128762
21 0.598573 0.486256 0.024691 0.054688
21 0.504823 0.334201 0.015046 0.030671
21 0.643036 0.457176 0.027971 0.074074
21 0.662809 0.683883 0.020448 0.051215
21 0.687500 0.791522 0.016204 0.032118
21 0.964024 0.434751 0.061150 0.096354
21 0.972029 0.335793 0.040895 0.024016
21 0.945216 0.544126 0.049383 0.025752
21 0.580247 0.230469 0.067515 0.054688
21 0.771701 0.045718 0.040702 0.025463
21 0.797936 0.175203 0.046103 0.046586
21 0.881462 0.107639 0.022569 0.053241
21 0.890239 0.025463 0.035108 0.050347