21 0.148148 0.768229 0.013889 0.017940
21 0.217785 0.811053 0.018133 0.019097
21 0.680941 0.107639 0.013889 0.017361
21 0.527971 0.855613 0.025849 0.032986
21 0.531057 0.591435 0.019676 0.030093
21 0.650270 0.778935 0.022762 0.031250
21 0.700617 0.689525 0.020833 0.023727
21 0.710069 0.723380 0.011960 0.020833
21 0.742670 0.587095 0.020062 0.038773
21 0.798032 0.542245 0.009645 0.020833
21 0.756559 0.515625 0.023920 0.035880
21 0.643711 0.542535 0.019676 0.029514
21 0.650077 0.453414 0.014660 0.023727
21 0.700617 0.438657 0.018519 0.026620
21 0.678819 0.486690 0.011188 0.016204
21 0.864776 0.455440 0.011188 0.016204