20 0.525125 0.722493 0.021750 0.024326
20 0.024625 0.990269 0.010250 0.019461
20 0.042625 0.464633 0.081750 0.084955
20 0.791000 0.432073 0.037000 0.051272
20 0.661375 0.357410 0.016250 0.021707
20 0.705750 0.279753 0.017500 0.024326
20 0.730875 0.837201 0.021250 0.030689
20 0.640625 0.621257 0.015750 0.023952
20 0.696625 0.234094 0.016250 0.024326
20 0.480375 0.560442 0.025750 0.026572
20 0.530375 0.874251 0.025250 0.053892
20 0.575125 0.171594 0.026750 0.039296
20 0.713375 0.606849 0.031250 0.047530
20 0.654875 0.599177 0.013750 0.021707
20 0.704375 0.543413 0.014750 0.023204
20 0.581875 0.658496 0.015750 0.016093
20 0.474750 0.465382 0.010500 0.014596
20 0.289000 0.349364 0.011000 0.024326
20 0.396250 0.478293 0.013000 0.020958
20 0.296250 0.414109 0.025500 0.032560
20 0.299875 0.475487 0.012750 0.030314
20 0.773500 0.355539 0.025000 0.033683
20 0.417250 0.351984 0.008500 0.021332
20 0.467875 0.335891 0.013250 0.024326
20 0.262250 0.599738 0.008500 0.015344
20 0.233625 0.463698 0.013250 0.026946
20 0.199625 0.484843 0.010250 0.021332
20 0.318500 0.634918 0.008500 0.015344
20 0.671750 0.508982 0.009000 0.015719
20 0.773000 0.354790 0.025000 0.033683
20 0.605625 0.277320 0.031750 0.032186
20 0.603625 0.204154 0.013250 0.018338
20 0.552000 0.145397 0.011500 0.016841
20 0.742125 0.716317 0.015750 0.024701
20 0.830000 0.801834 0.015000 0.016093
20 0.913875 0.707148 0.012750 0.020584
20 0.586000 0.887163 0.015000 0.024326
20 0.504500 0.827470 0.029000 0.031437
20 0.705000 0.911677 0.013000 0.022455