20 0.332500 0.332897 0.025500 0.047530
20 0.173875 0.764034 0.021250 0.033308
20 0.262750 0.954716 0.014500 0.043413
20 0.968125 0.338510 0.044250 0.086452
20 0.513750 0.179266 0.031000 0.057635
20 0.517000 0.617328 0.021500 0.041542
20 0.359125 0.380988 0.023750 0.044910
20 0.353875 0.437313 0.018250 0.025823
20 0.359000 0.643525 0.021000 0.047530
20 0.469750 0.393151 0.009000 0.016841
20 0.383500 0.593563 0.013500 0.022455
20 0.508000 0.516467 0.015500 0.025449
20 0.531500 0.486714 0.028500 0.052021
20 0.603875 0.576909 0.018750 0.028817
20 0.603250 0.491392 0.035500 0.065120
20 0.586250 0.341504 0.023000 0.048278
20 0.395500 0.259731 0.012000 0.025449
20 0.456500 0.281811 0.016000 0.028443
20 0.428750 0.428144 0.024000 0.025449
20 0.553250 0.704154 0.044500 0.099925
20 0.432750 0.700599 0.014000 0.025449
20 0.447625 0.760853 0.015250 0.035180
20 0.395875 0.763099 0.015250 0.035180
20 0.424500 0.822792 0.009500 0.018338
20 0.549250 0.853481 0.023500 0.045284
20 0.575750 0.785554 0.022000 0.035928
20 0.544125 0.790419 0.010750 0.015719
20 0.386500 0.487463 0.011500 0.016841
20 0.554500 0.118076 0.031500 0.038548
20 0.575375 0.154004 0.013250 0.022829
20 0.448875 0.202844 0.018750 0.022455
20 0.563125 0.238960 0.023750 0.055763
20 0.589125 0.283870 0.007750 0.022829
20 0.603750 0.422156 0.017500 0.047904
20 0.654250 0.622380 0.015500 0.047904
20 0.118125 0.934132 0.023750 0.046407
20 0.473125 0.268713 0.019250 0.035180