21 0.133681 0.723380 0.023534 0.024306
21 0.187886 0.821470 0.018519 0.017940
21 0.747878 0.782697 0.010417 0.027199
21 0.927469 0.241030 0.013889 0.017940
21 0.839506 0.745949 0.020062 0.020833
21 0.805170 0.723090 0.016204 0.030671
21 0.239776 0.019965 0.015046 0.019097
21 0.147569 0.036748 0.023534 0.027199
21 0.875193 0.063368 0.011960 0.029514
21 0.877122 0.385995 0.011960 0.021991
21 0.838542 0.511285 0.011960 0.014468
21 0.858410 0.591435 0.017747 0.015046
21 0.787616 0.603877 0.015046 0.019097
21 0.749035 0.677662 0.015046 0.015046
21 0.770833 0.453414 0.013117 0.027199
21 0.701003 0.502604 0.013889 0.017940
21 0.722222 0.548900 0.010802 0.013310
21 0.629437 0.676794 0.016590 0.019097
21 0.666474 0.750868 0.021991 0.028356
21 0.603202 0.947627 0.015818 0.017940
21 0.564043 0.905382 0.010802 0.013310
21 0.552276 0.923032 0.008873 0.016204
21 0.561535 0.947627 0.009645 0.014468
21 0.551119 0.509838 0.008873 0.017361
21 0.631944 0.387442 0.010031 0.019097
21 0.731867 0.354745 0.010031 0.019676
21 0.717400 0.405093 0.012731 0.025463
21 0.426890 0.636863 0.015818 0.019097
21 0.403356 0.596644 0.011960 0.013889
21 0.338156 0.625579 0.011960 0.020833
21 0.421682 0.444734 0.014660 0.023727
21 0.513696 0.371817 0.012731 0.027199
21 0.552276 0.356192 0.008873 0.019097
21 0.440008 0.393229 0.005787 0.013310
21 0.349923 0.767361 0.007716 0.010417
21 0.136767 0.502315 0.015046 0.009259
21 0.237269 0.377025 0.013889 0.028356
21 0.259452 0.414641 0.008873 0.017940
21 0.273727 0.483796 0.015818 0.019676
21 0.320216 0.375579 0.010031 0.016204
21 0.278356 0.410301 0.008873 0.020833
21 0.312307 0.570602 0.015818 0.020833
20 0.441358 0.363715 0.018519 0.028356
20 0.359761 0.321470 0.011960 0.023727
20 0.346451 0.265914 0.016975 0.028356
21 0.411651 0.822049 0.014660 0.019097
21 0.408372 0.945891 0.011960 0.017940
21 0.474151 0.943866 0.010802 0.016204
21 0.435957 0.916377 0.010031 0.023727
21 0.457176 0.895544 0.010802 0.017940
21 0.113812 0.480324 0.006944 0.015046