21 0.826513 0.486772 0.018105 0.015873
21 0.859375 0.416997 0.012897 0.023148
21 0.882688 0.523479 0.018353 0.014550
21 0.962426 0.486772 0.014137 0.021825
21 0.010913 0.136078 0.021329 0.030093
21 0.042659 0.074239 0.011905 0.012897
21 0.489087 0.793816 0.011905 0.011574
21 0.405506 0.015873 0.012897 0.023148
21 0.378596 0.348214 0.010169 0.021825
21 0.380208 0.368221 0.013393 0.023479
21 0.413194 0.326885 0.015377 0.020833
21 0.749504 0.201389 0.014385 0.017857
21 0.756820 0.225529 0.010169 0.011243
21 0.774926 0.229001 0.017609 0.020833
21 0.413194 0.390873 0.011409 0.016534
21 0.425595 0.370370 0.011409 0.016534
21 0.464410 0.345403 0.006200 0.010913
21 0.439484 0.498347 0.014385 0.021825
21 0.538690 0.623016 0.012401 0.015212
21 0.561508 0.502480 0.012401 0.024802
21 0.558408 0.534888 0.008185 0.012235
21 0.589906 0.527943 0.013641 0.020833
21 0.622024 0.530754 0.011409 0.023148
21 0.680308 0.523148 0.010417 0.013889
21 0.710813 0.522487 0.013393 0.020503
21 0.719122 0.579034 0.015625 0.020503
21 0.771329 0.638228 0.014385 0.017857
21 0.750124 0.653274 0.015625 0.026124
21 0.614211 0.415013 0.016617 0.017857
21 0.654018 0.327381 0.013393 0.016534
21 0.784722 0.144180 0.010417 0.013889
21 0.821429 0.188327 0.011409 0.013558
21 0.836310 0.234458 0.024802 0.031746
21 0.868924 0.238591 0.017609 0.020833
21 0.852927 0.264881 0.008433 0.012566
21 0.871528 0.262070 0.008433 0.009590
21 0.445188 0.417163 0.015377 0.022156
21 0.466890 0.408069 0.007192 0.017857
21 0.512401 0.412368 0.013393 0.015212
21 0.501984 0.450893 0.011409 0.020833
21 0.489211 0.417824 0.008185 0.009590
21 0.576017 0.419808 0.016617 0.019511
21 0.159474 0.255952 0.010417 0.013889