21 0.403935 0.598814 0.068673 0.147859
21 0.208719 0.010127 0.040895 0.019676
21 0.147762 0.054543 0.019290 0.056424
21 0.020930 0.459635 0.041474 0.220197
21 0.016493 0.262731 0.031057 0.067708
21 0.504630 0.060185 0.034336 0.035301
21 0.833140 0.015914 0.020448 0.027199
21 0.894194 0.320602 0.037616 0.022569
21 0.936535 0.262731 0.085648 0.103009
21 0.622589 0.791522 0.055748 0.083623
21 0.548611 0.699219 0.057870 0.069155
21 0.655189 0.323061 0.041860 0.024016
21 0.681424 0.255498 0.036458 0.037037
21 0.600598 0.500723 0.041860 0.048322
21 0.557195 0.564091 0.025656 0.040220
21 0.511092 0.527922 0.032215 0.044850
21 0.010706 0.174045 0.021026 0.036169
21 0.193769 0.150318 0.040702 0.071470
21 0.238040 0.137297 0.041667 0.063947
21 0.270930 0.091725 0.042631 0.076389
21 0.688754 0.593461 0.041474 0.062500
21 0.687307 0.654369 0.038580 0.047164
21 0.764853 0.617911 0.057870 0.102141
21 0.678627 0.940828 0.017361 0.025752
21 0.903453 0.816696 0.079282 0.100405
21 0.937018 0.911892 0.040702 0.080729
21 0.957369 0.852431 0.046682 0.096065
21 0.918789 0.712384 0.060957 0.108218
21 0.840471 0.632378 0.038580 0.078993